"year","age","pred","actual"
2001,0,-5.50273940922336,-5.39262804601928
2001,1,-7.80992657677666,-7.84936381884058
2001,2,-8.26287231269194,-8.2170885989659
2001,3,-8.44623654447192,-8.42188301161191
2001,4,-8.6184323211455,-8.67971212091401
2001,5,-8.71406431340942,-8.94797610750869
2001,6,-8.82358654148069,-8.87386813535497
2001,7,-8.89971652022594,-9.21034037197618
2001,8,-8.94151550351651,-9.21034037197618
2001,9,-9.02580091213845,-9.21034037197618
2001,10,-9.02749998432409,-9.02801881518223
2001,11,-8.97641995041064,-9.11503019217186
2001,12,-8.90303478371548,-8.74033674273045
2001,13,-8.76479567018937,-8.80487526386802
2001,14,-8.47370186560057,-8.33487163462228
2001,15,-8.16177897532614,-8.14562963498375
2001,16,-7.93947704096357,-7.87533930524384
2001,17,-7.66047032162134,-7.72873583105197
2001,18,-7.44078710996082,-7.30823284557926
2001,19,-7.39875897932332,-7.1821921246839
2001,20,-7.44483756627711,-7.22246602382184
2001,21,-7.43680793421238,-7.27881896037297
2001,22,-7.45641431764225,-7.23625934595417
2001,23,-7.46870970540712,-7.3232707229438
2001,24,-7.4742327103867,-7.27881896037297
2001,25,-7.45441408870166,-7.1821921246839
2001,26,-7.42824406230891,-7.29341775979412
2001,27,-7.42120171712762,-7.15621663828064
2001,28,-7.37399036679405,-7.19543735143392
2001,29,-7.31657846108923,-7.1821921246839
2001,30,-7.2722237268866,-7.13089883029635
2001,31,-7.20581049941307,-7.13089883029635
2001,32,-7.15386416608307,-7.05857816871672
2001,33,-7.09635809422932,-6.92795798629966
2001,34,-6.99587129764634,-6.90775527898214
2001,35,-6.88990639263775,-6.76799333660698
2001,36,-6.83058142727571,-6.71713491937349
2001,37,-6.77586717766249,-6.62257633674847
2001,38,-6.70002844344598,-6.48248754357779
2001,39,-6.58738758120554,-6.44402126275
2001,40,-6.4660428368665,-6.35963387047245
2001,41,-6.36729614617029,-6.22972173623224
2001,42,-6.26381716918624,-6.17059121300542
2001,43,-6.17428950481511,-6.05333995082607
2001,44,-6.1040800040318,-5.9522438339547
2001,45,-5.99448427243019,-5.81248189157954
2001,46,-5.85750249928854,-5.73837391942582
2001,47,-5.74082535667297,-5.68987956948721
2001,48,-5.67778974760968,-5.6048425268013
2001,49,-5.62776732910005,-5.56489047578958
2001,50,-5.55208334700975,-5.4894778720092
2001,51,-5.4839388314766,-5.43528322162119
2001,52,-5.42677997452077,-5.37088805938287
2001,53,-5.3612668099843,-5.27655587476652
2001,54,-5.29649782769524,-5.24572491642887
2001,55,-5.22793956896194,-5.16029606865066
2001,56,-5.15879876650816,-5.08643700751254
2001,57,-5.08072139973407,-5.01313842431437
2001,58,-4.99176951909093,-4.95614710881219
2001,59,-4.90604210020848,-4.89418648145301
2001,60,-4.80341754254634,-4.8283137373023
2001,61,-4.69280059655175,-4.74213604106125
2001,62,-4.61116838477153,-4.67237893568154
2001,63,-4.54074165317793,-4.61825542553675
2001,64,-4.48802945460571,-4.51624397679369
2001,65,-4.39675067886137,-4.44560561631675
2001,66,-4.31876995629276,-4.35441146764091
2001,67,-4.26420242220415,-4.27947004634879
2001,68,-4.16408500181527,-4.19239850269749
2001,69,-4.03660298600811,-4.1025783671492
2001,70,-3.92872064830133,-4.02968104889638
2001,71,-3.83276126103665,-3.90455099058945
2001,72,-3.70199217609888,-3.82035581690232
2001,73,-3.59452994186148,-3.74185837890482
2001,74,-3.4447404609841,-3.6340125526731
2001,75,-3.3539707072089,-3.54529872563641
2001,76,-3.26209311638746,-3.45681580542517
2001,77,-3.14785150249922,-3.33456729936439
2001,78,-3.05289689428187,-3.24061031701421
2001,79,-2.94564777290783,-3.12766494481482
2001,80,-2.83689199315092,-2.98558394250218
2001,81,-2.71487744470301,-2.86277604630537
2001,82,-2.58278740985564,-2.74887219562247
2001,83,-2.45285270113533,-2.64310551246183
2001,84,-2.33058830627988,-2.50899444531709
2001,85,-2.20347829049141,-2.38076287405807
2001,86,-2.08574990526818,-2.28415595752568
2001,87,-1.99363617023425,-2.16805420003644
2001,88,-1.90975308138174,-2.04253118765974
2001,89,-1.82480122131567,-1.92806040779252
2001,90,-1.71484198068327,-1.83095778263221
2001,91,-1.63122593886611,-1.68432310962589
2001,92,-1.57596003013427,-1.58664955080367
2001,93,-1.50545815511997,-1.47525673096808
2001,94,-1.40364705596264,-1.39509295547624
2001,95,-1.31769376951398,-1.29240336970536
2001,96,-1.25649772568807,-1.19527738595871
2001,97,-1.17263795972074,-1.10153656018536
2001,98,-1.14445575140874,-1.0114809188779
2001,99,-1.07562262882935,-0.925381931885935
2001,100,-1.06799517076601,-0.843458573224485
2002,0,-5.49694578589163,-5.47744403244547
2002,1,-7.82509053365112,-7.92940652651412
2002,2,-8.23504257148228,-8.25482892694875
2002,3,-8.45158798047737,-8.62255370707406
2002,4,-8.65265486518407,-8.87386813535497
2002,5,-8.76428956358088,-9.02801881518223
2002,6,-8.88563999287318,-8.94797610750869
2002,7,-8.96537802195638,-9.02801881518223
2002,8,-8.98787731775725,-9.11503019217186
2002,9,-9.05008470019195,-8.87386813535497
2002,10,-9.04596412945208,-9.11503019217186
2002,11,-9.00429254742183,-9.11503019217186
2002,12,-8.92071557143735,-9.02801881518223
2002,13,-8.7898817654932,-8.74033674273045
2002,14,-8.46230776158003,-8.62255370707406
2002,15,-8.17597211710482,-8.37743124904108
2002,16,-7.941287625694,-7.98656494035407
2002,17,-7.65300320839364,-7.82404601085629
2002,18,-7.41780298968419,-7.35404238161056
2002,19,-7.37941833101652,-7.40205160079692
2002,20,-7.45937661559667,-7.25024558792891
2002,21,-7.45149683306925,-7.3232707229438
2002,22,-7.4702060142597,-7.23625934595417
2002,23,-7.50176770863485,-7.3232707229438
2002,24,-7.48872555124,-7.3232707229438
2002,25,-7.46493591681633,-7.22246602382184
2002,26,-7.43932593120405,-7.26443022292087
2002,27,-7.42100303529946,-7.22246602382184
2002,28,-7.38407372466726,-7.1821921246839
2002,29,-7.32647917161784,-7.19543735143392
2002,30,-7.28864741109706,-7.16912004311654
2002,31,-7.23260295530418,-7.14347761250321
2002,32,-7.16757292069009,-7.03558865049202
2002,33,-7.0991874517382,-7.03558865049202
2002,34,-7.01403967943659,-6.95904857336969
2002,35,-6.90217845751743,-6.85896511481271
2002,36,-6.85102947532466,-6.74224084050456
2002,37,-6.78510938110474,-6.66873837851164
2002,38,-6.70883472758733,-6.57128304236092
2002,39,-6.62113193321382,-6.4956456281553
2002,40,-6.49550306640256,-6.38302675004716
2002,41,-6.39402271491074,-6.27648350214028
2002,42,-6.29528484318049,-6.14694944994838
2002,43,-6.19659952082591,-6.05760434961253
2002,44,-6.12880565143351,-5.99146454710798
2002,45,-6.00665980243042,-5.87457079563648
2002,46,-5.87609096632716,-5.78934036301785
2002,47,-5.76360263211162,-5.68104298768671
2002,48,-5.6954221767868,-5.6379947341182
2002,49,-5.64790536954134,-5.54166362517977
2002,50,-5.57229799310731,-5.49921030892743
2002,51,-5.50415097218611,-5.41485118280399
2002,52,-5.44788947234823,-5.35594647938467
2002,53,-5.37594811068248,-5.26681869948867
2002,54,-5.31217831359251,-5.22135632541191
2002,55,-5.24077710448131,-5.15335159629785
2002,56,-5.16093973448403,-5.07357509387013
2002,57,-5.08119806120002,-5.01615047478437
2002,58,-4.98940399546115,-4.96757580463581
2002,59,-4.91360607629371,-4.88224207932786
2002,60,-4.80774262583567,-4.84724174718782
2002,61,-4.70238171066932,-4.77122477031817
2002,62,-4.62329329682251,-4.71275539666803
2002,63,-4.55444501436775,-4.62741579493541
2002,64,-4.50542650485251,-4.54784511936882
2002,65,-4.42058681328737,-4.46976554898189
2002,66,-4.35147614837429,-4.38042791331018
2002,67,-4.30281754013105,-4.28453701339662
2002,68,-4.20682229393039,-4.21245265070243
2002,69,-4.08063601016324,-4.11720385636818
2002,70,-3.96766257815687,-4.02743385693947
2002,71,-3.8645515196866,-3.95024421824834
2002,72,-3.73694939102075,-3.84249694277954
2002,73,-3.62018482402774,-3.76188034699843
2002,74,-3.47365165522612,-3.66204280016038
2002,75,-3.38176371487439,-3.5698527476923
2002,76,-3.29774243792716,-3.45649869744724
2002,77,-3.17968184735809,-3.35269297260254
2002,78,-3.09084964226954,-3.23272123169025
2002,79,-2.97371103450539,-3.14029572474534
2002,80,-2.86520422654782,-3.00558060960881
2002,81,-2.73889972490639,-2.88705725692834
2002,82,-2.60611291886415,-2.75876471564671
2002,83,-2.48164538596702,-2.63638091441185
2002,84,-2.35800202552507,-2.52835709566195
2002,85,-2.22950021656325,-2.40616940925062
2002,86,-2.11005351777409,-2.26019632650226
2002,87,-2.01946101792629,-2.16386717368222
2002,88,-1.93082997272245,-2.05003809131059
2002,89,-1.84058615000815,-1.93012538649987
2002,90,-1.73329125747195,-1.80734022119508
2002,91,-1.64303256641834,-1.69892507893564
2002,92,-1.58731594293033,-1.57103484115116
2002,93,-1.51387684206318,-1.48386308952603
2002,94,-1.41464554554325,-1.38445605184625
2002,95,-1.33109218398002,-1.28778929041905
2002,96,-1.27032149127265,-1.19020140024202
2002,97,-1.18530636788052,-1.09613535879322
2002,98,-1.15739033199568,-1.0058052390819
2002,99,-1.08763362316301,-0.91952094339444
2002,100,-1.06528796686829,-0.837525763238501
2003,0,-5.53715764684543,-5.49433225047399
2003,1,-7.86747827402455,-7.84936381884058
2003,2,-8.28620277781355,-8.29404964010203
2003,3,-8.51383267952836,-8.67971212091401
2003,4,-8.69332093932683,-8.74033674273045
2003,5,-8.76990600586923,-9.02801881518223
2003,6,-8.88348933132315,-9.02801881518223
2003,7,-8.95838727865856,-9.02801881518223
2003,8,-8.98472114831973,-9.31570088763401
2003,9,-9.08194317828107,-9.21034037197618
2003,10,-9.09728438908292,-9.11503019217186
2003,11,-9.06550899877228,-9.31570088763401
2003,12,-8.99236813929941,-8.87386813535497
2003,13,-8.8569962829706,-8.87386813535497
2003,14,-8.57319525304275,-8.51719319141624
2003,15,-8.25354403322656,-8.46840302724681
2003,16,-8.00661531863025,-8.01641790350375
2003,17,-7.70895947452692,-7.902007552326
2003,18,-7.483115231209,-7.6211051668596
2003,19,-7.46825738720258,-7.45248245442381
2003,20,-7.47912162442535,-7.33853819507459
2003,21,-7.47730797856624,-7.38579107992514
2003,22,-7.4835790650881,-7.33853819507459
2003,23,-7.51854240226733,-7.3232707229438
2003,24,-7.5103773517005,-7.46987419713568
2003,25,-7.4937667928725,-7.46987419713568
2003,26,-7.47662184843773,-7.27881896037297
2003,27,-7.45272973908729,-7.30823284557926
2003,28,-7.41901024052853,-7.3232707229438
2003,29,-7.36679000906565,-7.27881896037297
2003,30,-7.33216514525765,-7.1821921246839
2003,31,-7.26217345835675,-7.16912004311654
2003,32,-7.2011383424386,-7.08210866612691
2003,33,-7.15607911133539,-7.01311579463996
2003,34,-7.04948157306618,-6.92795798629966
2003,35,-6.93528543880405,-6.83079423784601
2003,36,-6.87379625546498,-6.79442659367513
2003,37,-6.81636233878727,-6.74224084050456
2003,38,-6.74887851799978,-6.56416557459206
2003,39,-6.64386751899521,-6.4759728625566
2003,40,-6.51788669526973,-6.41917526416347
2003,41,-6.41953314095689,-6.33114191467814
2003,42,-6.31694116244999,-6.21962064024574
2003,43,-6.22495723384892,-6.10575369351011
2003,44,-6.1613590786171,-6.02812853147957
2003,45,-6.04021673319105,-5.90345366978527
2003,46,-5.9028844790365,-5.78934036301785
2003,47,-5.7853096786564,-5.70478297498978
2003,48,-5.71635505842201,-5.62682143352007
2003,49,-5.6618100363839,-5.5570880955054
2003,50,-5.5902753903048,-5.4561414517416
2003,51,-5.51562563126556,-5.40813223255524
2003,52,-5.45603935392919,-5.33705819486447
2003,53,-5.38475672711235,-5.28244401739175
2003,54,-5.32177291125308,-5.21950618612375
2003,55,-5.25128854662367,-5.15162298739723
2003,56,-5.1744656230944,-5.07197892433731
2003,57,-5.09720040291283,-5.02220193046772
2003,58,-5.00425170858932,-4.96901361940544
2003,59,-4.92435041930983,-4.87697890928358
2003,60,-4.82227664615811,-4.8283137373023
2003,61,-4.71773042852485,-4.80973735172937
2003,62,-4.64358690364113,-4.6575166663603
2003,63,-4.57106417350965,-4.63356966050979
2003,64,-4.52357324008995,-4.55733285657393
2003,65,-4.44076489894031,-4.46367062371439
2003,66,-4.37322984068944,-4.4087813719827
2003,67,-4.32030868364277,-4.31623889413588
2003,68,-4.23357043633964,-4.24191692668924
2003,69,-4.10766329835453,-4.12089389745564
2003,70,-3.9930779634459,-4.05589337584785
2003,71,-3.89894913113208,-3.95649749552998
2003,72,-3.77078244287675,-3.84109866709145
2003,73,-3.65590178193447,-3.77530918211232
2003,74,-3.50848219772783,-3.6581562814711
2003,75,-3.41401255975427,-3.54633876733183
2003,76,-3.32175130747156,-3.43578882643177
2003,77,-3.20590609945889,-3.35842528981829
2003,78,-3.11409177196352,-3.23678524541177
2003,79,-3.00270313000541,-3.13292751273184
2003,80,-2.89086931247634,-2.98955141447891
2003,81,-2.76920023426522,-2.8687472617995
2003,82,-2.63528547518827,-2.74404013883537
2003,83,-2.50632595460471,-2.61251277439315
2003,84,-2.38254528067625,-2.50470127711618
2003,85,-2.24709704189846,-2.39010569052354
2003,86,-2.12042345559899,-2.26702491759549
2003,87,-2.02928111873298,-2.12168120728771
2003,88,-1.94251269744715,-2.00842405444456
2003,89,-1.84940278367981,-1.88862285463194
2003,90,-1.74328627991752,-1.75301964091212
2003,91,-1.6598719810572,-1.65616271094034
2003,92,-1.59803630710512,-1.54829577749186
2003,93,-1.52667527530786,-1.41634128247219
2003,94,-1.42162812583125,-1.35619201730345
2003,95,-1.33991727219755,-1.23240657298848
2003,96,-1.27311703059801,-1.13363861059179
2003,97,-1.1869844494695,-1.03879740636695
2003,98,-1.1615345171568,-0.948142661323337
2003,99,-1.08737124070469,-0.861991958466776
2003,100,-1.06832052501433,-0.780558637570915
2004,0,-5.47909285067874,-5.51151058700908
2004,1,-7.82844392723647,-7.98656494035407
2004,2,-8.29484682213485,-8.46840302724681
2004,3,-8.51795499948462,-8.62255370707406
2004,4,-8.68971288898888,-9.02801881518223
2004,5,-8.81717129037479,-9.21034037197618
2004,6,-8.9216286623923,-9.11503019217186
2004,7,-9.0109051684436,-9.43348392329039
2004,8,-9.04594372192754,-9.31570088763401
2004,9,-9.11365559680172,-9.43348392329039
2004,10,-9.13931281125649,-9.21034037197618
2004,11,-9.09300755501232,-9.31570088763401
2004,12,-9.02540325694606,-9.11503019217186
2004,13,-8.91672444271025,-8.87386813535497
2004,14,-8.61887137445909,-8.74033674273045
2004,15,-8.3313404321182,-8.46840302724681
2004,16,-8.07325200849744,-8.18072095479502
2004,17,-7.80290230683139,-7.95757740348081
2004,18,-7.57393425457915,-7.5616817463888
2004,19,-7.49918921790973,-7.50559227973776
2004,20,-7.52452166118832,-7.43538802106451
2004,21,-7.52052717979648,-7.43538802106451
2004,22,-7.52613210641027,-7.43538802106451
2004,23,-7.56089093104004,-7.40205160079692
2004,24,-7.57722074063763,-7.43538802106451
2004,25,-7.54312107905038,-7.45248245442381
2004,26,-7.49883412698281,-7.41858090274813
2004,27,-7.49463469573741,-7.41858090274813
2004,28,-7.45766121739139,-7.43538802106451
2004,29,-7.40412994824511,-7.3232707229438
2004,30,-7.34617870082042,-7.23625934595417
2004,31,-7.28388895944741,-7.22246602382184
2004,32,-7.21935264115906,-7.23625934595417
2004,33,-7.17159145380728,-7.02428909523809
2004,34,-7.06213176022191,-7.05857816871672
2004,35,-6.96272262670245,-6.90775527898214
2004,36,-6.91113546580429,-6.85896511481271
2004,37,-6.85436858364283,-6.72543372218818
2004,38,-6.77013157000765,-6.66089520105061
2004,39,-6.67987324337413,-6.5929445391421
2004,40,-6.5623041826103,-6.4956456281553
2004,41,-6.46554919342478,-6.38302675004716
2004,42,-6.35889976173604,-6.27648350214028
2004,43,-6.26536712067474,-6.11929791861787
2004,44,-6.19453216570641,-6.05333995082607
2004,45,-6.0730831972242,-5.98349637745881
2004,46,-5.93208454907674,-5.87101839403211
2004,47,-5.81601064924224,-5.77313255279099
2004,48,-5.74169799699893,-5.67228380759683
2004,49,-5.68667774384369,-5.62682143352007
2004,50,-5.6142871888756,-5.49433225047399
2004,51,-5.54193503581235,-5.44681737486648
2004,52,-5.47698588309643,-5.42161558289253
2004,53,-5.41783467322902,-5.31241629092754
2004,54,-5.35137293233221,-5.2648825904618
2004,55,-5.28302529018473,-5.21581614503629
2004,56,-5.20657179751257,-5.17433138676705
2004,57,-5.13605487194893,-5.07837894618278
2004,58,-5.0412047794108,-5.0101354190546
2004,59,-4.95591466462555,-4.90627527877201
2004,60,-4.85008780194364,-4.86394091494545
2004,61,-4.75170144982351,-4.81465741085482
2004,62,-4.67419899216921,-4.74673375030988
2004,63,-4.60978818015676,-4.67237893568154
2004,64,-4.56874704486663,-4.62028382379814
2004,65,-4.48587653365118,-4.53564412333948
2004,66,-4.42514804078919,-4.47414192358169
2004,67,-4.38113236302992,-4.41620408647547
2004,68,-4.29622605547397,-4.29768548624013
2004,69,-4.16582343136966,-4.23429652264955
2004,70,-4.05688223467554,-4.12521622588919
2004,71,-3.96324726445549,-4.03815328257236
2004,72,-3.84543229302101,-3.95232430220167
2004,73,-3.73468721692594,-3.84203063360811
2004,74,-3.58531463262122,-3.73053512938277
2004,75,-3.48483162600707,-3.66750942837774
2004,76,-3.39466739263846,-3.52744110823641
2004,77,-3.28577736052371,-3.43921082386037
2004,78,-3.19536065692298,-3.34076101285832
2004,79,-3.08125344116061,-3.21837594982655
2004,80,-2.97373144202993,-3.08063678064444
2004,81,-2.84657448893503,-2.9822239235292
2004,82,-2.7159086077642,-2.85928015041849
2004,83,-2.58746889598418,-2.73537001175717
2004,84,-2.45950234723733,-2.61374052163147
2004,85,-2.32058803618514,-2.49823507999933
2004,86,-2.19879068210551,-2.37494075518619
2004,87,-2.10153600010492,-2.24961320822794
2004,88,-2.01507514936745,-2.12804372351905
2004,89,-1.92538757746479,-2.02064447117138
2004,90,-1.81574261271023,-1.91155703268365
2004,91,-1.73069367113459,-1.79830081727148
2004,92,-1.66786356766548,-1.68055804493723
2004,93,-1.59105576756957,-1.58372143392946
2004,94,-1.49448590378519,-1.46179407052154
2004,95,-1.39926993348574,-1.3777311304594
2004,96,-1.32846369481979,-1.27819360335719
2004,97,-1.23263374956788,-1.1817547957595
2004,98,-1.19515912072647,-1.08877087463725
2004,99,-1.11363630785457,-0.999454973134924
2004,100,-1.02578891159292,-0.914093148330668
2005,0,-5.54917194031963,-5.6021288209297
2005,1,-8.001705705531,-8.07893826048508
2005,2,-8.43743507067563,-8.51719319141624
2005,3,-8.66515039245743,-8.80487526386802
2005,4,-8.85700765287713,-8.94797610750869
2005,5,-8.9468028015877,-9.11503019217186
2005,6,-9.05117737736282,-9.11503019217186
2005,7,-9.11356434601344,-9.31570088763401
2005,8,-9.13934138179084,-9.21034037197618
2005,9,-9.20070214349337,-9.43348392329039
2005,10,-9.22451306004977,-9.31570088763401
2005,11,-9.1842635909436,-9.21034037197618
2005,12,-9.11470570970712,-9.31570088763401
2005,13,-9.01491145704607,-9.02801881518223
2005,14,-8.72880466838173,-8.80487526386802
2005,15,-8.42973093862725,-8.51719319141624
2005,16,-8.17436400417139,-8.07893826048508
2005,17,-7.84400612237545,-7.92940652651412
2005,18,-7.60608572641339,-7.64172445406234
2005,19,-7.56174002982877,-7.5616817463888
2005,20,-7.58204828633464,-7.45248245442381
2005,21,-7.56599193756583,-7.46987419713568
2005,22,-7.5797967533062,-7.45248245442381
2005,23,-7.60296614475201,-7.33853819507459
2005,24,-7.60121663682715,-7.46987419713568
2005,25,-7.58966320834719,-7.45248245442381
2005,26,-7.55437101848687,-7.3697907385787
2005,27,-7.53801642832378,-7.48757377423508
2005,28,-7.50964151467294,-7.43538802106451
2005,29,-7.44740701938422,-7.35404238161056
2005,30,-7.39565280832092,-7.29341775979412
2005,31,-7.3415396331893,-7.16912004311654
2005,32,-7.28417947513598,-7.16912004311654
2005,33,-7.22131715693171,-7.11847631029779
2005,34,-7.13429072622853,-7.04701734631564
2005,35,-7.01621585039228,-6.99113688792119
2005,36,-6.96305249975977,-6.84948637085816
2005,37,-6.90283076946242,-6.83079423784601
2005,38,-6.84178749053446,-6.69264389936519
2005,39,-6.7442495083629,-6.6076506865318
2005,40,-6.618442294364,-6.4759728625566
2005,41,-6.51233060094678,-6.44402126275
2005,42,-6.40995260991145,-6.34244146993208
2005,43,-6.31527809496835,-6.25023527606534
2005,44,-6.25329373762322,-6.10575369351011
2005,45,-6.12601379275097,-5.99547256850552
2005,46,-5.98297537608413,-5.88890795878289
2005,47,-5.86326846313613,-5.78934036301785
2005,48,-5.78441788805518,-5.67519501780429
2005,49,-5.72447051141581,-5.57803126935064
2005,50,-5.64865243981789,-5.50903839786369
2005,51,-5.57597392579585,-5.45380226938843
2005,52,-5.51058933663565,-5.417100902538
2005,53,-5.44705451305865,-5.33498135091963
2005,54,-5.3828389846571,-5.25525787708759
2005,55,-5.30836784612056,-5.21950618612375
2005,56,-5.2311571067411,-5.14817470811832
2005,57,-5.1554633023908,-5.05615580939807
2005,58,-5.05913104049923,-5.0011801353255
2005,59,-4.97190104473881,-4.9309003260774
2005,60,-4.867946280897,-4.85107072442492
2005,61,-4.77518016103408,-4.83081686752042
2005,62,-4.70236174044888,-4.74328348811773
2005,63,-4.63529569084226,-4.6972854748959
2005,64,-4.5974640760895,-4.61320235768536
2005,65,-4.51846676726294,-4.55068200070402
2005,66,-4.46783241910855,-4.46627818712147
2005,67,-4.42830231524228,-4.39409921590815
2005,68,-4.33659673069908,-4.31474188786829
2005,69,-4.21106662172977,-4.22399777044897
2005,70,-4.08931343536395,-4.15282149198108
2005,71,-3.99597568616197,-4.01516376434766
2005,72,-3.87583950457956,-3.94506285950635
2005,73,-3.75787803627251,-3.86085471885375
2005,74,-3.61200986123471,-3.74059388980062
2005,75,-3.51942617006433,-3.66516292749662
2005,76,-3.42827333789998,-3.55750037605756
2005,77,-3.3196018120658,-3.43734282829851
2005,78,-3.22724683093825,-3.33204452297384
2005,79,-3.1064450725199,-3.21463483061095
2005,80,-2.99761990717957,-3.0795487596471
2005,81,-2.86924054336496,-2.95574262533783
2005,82,-2.73468469648152,-2.83838670283021
2005,83,-2.60508000658657,-2.71976859405641
2005,84,-2.4768601129994,-2.59829933714309
2005,85,-2.33456310898735,-2.46463354494844
2005,86,-2.20851340986656,-2.34403228290822
2005,87,-2.10733319475345,-2.23989202365562
2005,88,-2.01441044713971,-2.10611411309567
2005,89,-1.91807993446453,-1.98122649418288
2005,90,-1.80848482237706,-1.87060789034577
2005,91,-1.72076074587082,-1.7577639219701
2005,92,-1.6570105545812,-1.67110057282621
2005,93,-1.58694919056081,-1.5240862453346
2005,94,-1.48439933901527,-1.44545006232865
2005,95,-1.39333775763921,-1.33605762469318
2005,96,-1.32169335278696,-1.23584194000033
2005,97,-1.23157051753955,-1.13902811568555
2005,98,-1.19760569138226,-1.04591547966814
2005,99,-1.12126085055726,-0.956800275212365
2005,100,-1.0759791774366,-0.871915059154602
2006,0,-5.61770875179235,-5.56750485636365
2006,1,-8.02456227877928,-8.01641790350375
2006,2,-8.44732863857065,-8.46840302724681
2006,3,-8.6555807211304,-8.80487526386802
2006,4,-8.83097115000205,-9.02801881518223
2006,5,-8.93049893869988,-9.11503019217186
2006,6,-9.03784193468678,-9.21034037197618
2006,7,-9.10803740529697,-9.43348392329039
2006,8,-9.14465316889148,-9.43348392329039
2006,9,-9.21916745476561,-9.31570088763401
2006,10,-9.23728000739945,-9.43348392329039
2006,11,-9.21623460195373,-9.31570088763401
2006,12,-9.14727407811402,-9.02801881518223
2006,13,-9.02828888091544,-8.87386813535497
2006,14,-8.73112033934443,-8.74033674273045
2006,15,-8.41544042380293,-8.46840302724681
2006,16,-8.14952629759476,-8.25482892694875
2006,17,-7.86563693223928,-7.902007552326
2006,18,-7.62449127279235,-7.77525584668686
2006,19,-7.58940782275443,-7.60090245954208
2006,20,-7.58410842593655,-7.5810998322459
2006,21,-7.58245949795404,-7.5810998322459
2006,22,-7.58303746820251,-7.60090245954208
2006,23,-7.61181965773586,-7.50559227973776
2006,24,-7.62588277442964,-7.43538802106451
2006,25,-7.59853275581461,-7.5810998322459
2006,26,-7.57774667169853,-7.43538802106451
2006,27,-7.5662000943161,-7.46987419713568
2006,28,-7.52339822696262,-7.41858090274813
2006,29,-7.46606037141826,-7.43538802106451
2006,30,-7.4163709645339,-7.40205160079692
2006,31,-7.35152795030538,-7.25024558792891
2006,32,-7.29866444451552,-7.22246602382184
2006,33,-7.25725203804688,-7.16912004311654
2006,34,-7.15626569441686,-7.05857816871672
2006,35,-7.04418888157778,-6.99113688792119
2006,36,-6.98208266215757,-6.84009663050832
2006,37,-6.92254327201988,-6.84948637085816
2006,38,-6.85860678918485,-6.70890442023697
2006,39,-6.75879467993983,-6.64539101451465
2006,40,-6.64145811918768,-6.53619172254965
2006,41,-6.54626780406193,-6.45667965962192
2006,42,-6.44014474073819,-6.34813949104671
2006,43,-6.34148660412165,-6.26590139280974
2006,44,-6.26824166627366,-6.1516332992608
2006,45,-6.142795446807,-6.0448653238351
2006,46,-6.0024760048065,-5.88530435127959
2006,47,-5.87441069821769,-5.82934569763155
2006,48,-5.79333931072113,-5.73837391942582
2006,49,-5.73517750137363,-5.64080767549481
2006,50,-5.66265778681833,-5.52146091786225
2006,51,-5.58764755710071,-5.41485118280399
2006,52,-5.52081020842642,-5.40367788220586
2006,53,-5.45919356460877,-5.32671684106973
2006,54,-5.39268191638187,-5.27851473925186
2006,55,-5.32466846566967,-5.21213967030698
2006,56,-5.24094422753046,-5.1361985170716
2006,57,-5.16602569046048,-5.07197892433731
2006,58,-5.0692920562917,-5.04212596118763
2006,59,-4.98363442385476,-4.97189546578033
2006,60,-4.8745707091294,-4.89151981320609
2006,61,-4.786710922585,-4.84596867254102
2006,62,-4.71380321907996,-4.76533893814091
2006,63,-4.65059564929094,-4.68205123032405
2006,64,-4.60564268308335,-4.63356966050979
2006,65,-4.52758696286207,-4.566911473871
2006,66,-4.47456690220541,-4.51715930866538
2006,67,-4.438545434879,-4.42284862919414
2006,68,-4.34964632226358,-4.32526830085527
2006,69,-4.22435250327479,-4.27442862407586
2006,70,-4.11133038474561,-4.18975474702676
2006,71,-4.01990948516968,-4.08578133156161
2006,72,-3.9099570956348,-3.9910662127686
2006,73,-3.79532074191482,-3.89614965627186
2006,74,-3.64704579089407,-3.79914084837147
2006,75,-3.54846972167978,-3.70949040801806
2006,76,-3.46027772978953,-3.57555076880693
2006,77,-3.34372671296399,-3.48839059336453
2006,78,-3.25359105012973,-3.37611460129469
2006,79,-3.13525306299499,-3.27227660159532
2006,80,-3.02751430680013,-3.12606877528199
2006,81,-2.89834983636302,-3.02536707868368
2006,82,-2.76881249129903,-2.89425930462336
2006,83,-2.63862881077939,-2.77659674363732
2006,84,-2.51171266647401,-2.65526801566324
2006,85,-2.35902123560761,-2.52986217558986
2006,86,-2.23315928571254,-2.39744537401801
2006,87,-2.13444429956337,-2.29362535162257
2006,88,-2.04243551751278,-2.19426894951059
2006,89,-1.94848423066243,-2.04361118467901
2006,90,-1.84054854185579,-1.91827552695867
2006,91,-1.75144870665976,-1.8116152979394
2006,92,-1.68810666586086,-1.69303693631041
2006,93,-1.61239241754402,-1.59213841535604
2006,94,-1.51023818043842,-1.49423598274542
2006,95,-1.42133833898284,-1.39319813743669
2006,96,-1.34338421908015,-1.29196648179657
2006,97,-1.24626976592672,-1.19389046898442
2006,98,-1.2111341309332,-1.0993125337825
2006,99,-1.12596420189066,-1.0084882610057
2006,100,-1.04680691264854,-0.92173050062452
2007,0,-5.55592628431091,-5.6048425268013
2007,1,-8.01341831270233,-8.0471895621705
2007,2,-8.46521466768214,-8.51719319141624
2007,3,-8.69377719326824,-8.87386813535497
2007,4,-8.87529425254165,-9.02801881518223
2007,5,-8.97999913867818,-9.31570088763401
2007,6,-9.09759312577555,-9.31570088763401
2007,7,-9.16494990972279,-9.31570088763401
2007,8,-9.17762298245961,-9.21034037197618
2007,9,-9.25482202395448,-9.43348392329039
2007,10,-9.27093026614282,-9.56701531591492
2007,11,-9.22656022629679,-9.43348392329039
2007,12,-9.1696375181087,-9.11503019217186
2007,13,-9.0649224282099,-9.11503019217186
2007,14,-8.79908060294581,-8.80487526386802
2007,15,-8.49377033369315,-8.56848648580379
2007,16,-8.24995551580495,-8.33487163462228
2007,17,-7.94320957720119,-7.98656494035407
2007,18,-7.72730190334785,-7.72873583105197
2007,19,-7.6510018133088,-7.75172534927667
2007,20,-7.67484611074462,-7.52394141840595
2007,21,-7.64610473626033,-7.52394141840595
2007,22,-7.64331808878495,-7.6211051668596
2007,23,-7.65689288257019,-7.46987419713568
2007,24,-7.64681710463467,-7.5616817463888
2007,25,-7.64526292587322,-7.46987419713568
2007,26,-7.59083124759081,-7.40205160079692
2007,27,-7.5724439222159,-7.40205160079692
2007,28,-7.53832224965575,-7.41858090274813
2007,29,-7.49996222578555,-7.41858090274813
2007,30,-7.4453180177119,-7.40205160079692
2007,31,-7.37288486203634,-7.38579107992514
2007,32,-7.33394817982996,-7.26443022292087
2007,33,-7.2846857275125,-7.25024558792891
2007,34,-7.18615994826939,-7.13089883029635
2007,35,-7.07541399756612,-7.04701734631564
2007,36,-7.01384405873711,-6.92795798629966
2007,37,-6.964178266274,-6.82157758274108
2007,38,-6.89484807470412,-6.75933527386386
2007,39,-6.80467101374866,-6.72543372218818
2007,40,-6.68418579061267,-6.6076506865318
2007,41,-6.58686799105405,-6.4759728625566
2007,42,-6.4779748249266,-6.37126190846757
2007,43,-6.37932208172727,-6.31996861408002
2007,44,-6.31160357440762,-6.18991548583182
2007,45,-6.17947403642347,-6.0448653238351
2007,46,-6.03269743500775,-5.99146454710798
2007,47,-5.91891353274124,-5.88171368314886
2007,48,-5.83165232440088,-5.78934036301785
2007,49,-5.76599654406571,-5.6379947341182
2007,50,-5.68576252103127,-5.59134704532641
2007,51,-5.61069168825418,-5.49433225047399
2007,52,-5.54389208552859,-5.40590257722797
2007,53,-5.48029790589209,-5.34122486755931
2007,54,-5.41663038329784,-5.28244401739175
2007,55,-5.33756855389594,-5.20665017802221
2007,56,-5.25679353103025,-5.16728910414163
2007,57,-5.18907777508221,-5.06403607082337
2007,58,-5.09604949141302,-5.02676467602614
2007,59,-5.00553541476665,-4.97478564120256
2007,60,-4.89560860752145,-4.88753309696227
2007,61,-4.80818466739392,-4.8652370914069
2007,62,-4.73593940671212,-4.76533893814091
2007,63,-4.67047133916067,-4.69400139969471
2007,64,-4.63258936155273,-4.64703439008679
2007,65,-4.56410127190602,-4.59324161512282
2007,66,-4.52029856124209,-4.51991034203727
2007,67,-4.47930815322724,-4.46453905624835
2007,68,-4.39496341701612,-4.33514304877503
2007,69,-4.2710524993507,-4.28817205920226
2007,70,-4.15178072220042,-4.19372300620238
2007,71,-4.06126052329669,-4.12707438684502
2007,72,-3.94956576847053,-4.02743385693947
2007,73,-3.83813558262319,-3.93734081341244
2007,74,-3.69164643576736,-3.83367403901717
2007,75,-3.59028313600555,-3.7334584975119
2007,76,-3.50126755473225,-3.62684406319448
2007,77,-3.39061037676072,-3.51694499020647
2007,78,-3.29745819026398,-3.39114804580915
2007,79,-3.17998664831383,-3.28261466583521
2007,80,-3.06498951871367,-3.13729583787578
2007,81,-2.93524955608464,-3.02990972535558
2007,82,-2.80244292559,-2.92173859364566
2007,83,-2.67746316382701,-2.79737333906241
2007,84,-2.54754769648698,-2.67176648902496
2007,85,-2.3953273879013,-2.54950917297366
2007,86,-2.26414869479249,-2.42317205598316
2007,87,-2.16097204070764,-2.28494165782145
2007,88,-2.06564091366259,-2.17568815980569
2007,89,-1.96858651693852,-2.04337965853481
2007,90,-1.85900656472642,-1.93544509920755
2007,91,-1.7657631274414,-1.78892349440885
2007,92,-1.69800897983783,-1.72204685681675
2007,93,-1.6265540734277,-1.60818869303367
2007,94,-1.52609045396187,-1.48166054249227
2007,95,-1.43636352469046,-1.39682966303527
2007,96,-1.35867470260673,-1.2949922027131
2007,97,-1.26435578877867,-1.196368457466
2007,98,-1.22599372415601,-1.10123572687482
2007,99,-1.13424324305883,-1.00994228795561
2007,100,-1.0471369314739,-0.922736461024218
2008,0,-5.55115516906344,-5.59134704532641
2008,1,-8.05636361579969,-8.07893826048508
2008,2,-8.51724277687832,-8.62255370707406
2008,3,-8.74622278210921,-8.67971212091401
2008,4,-8.9175497813097,-9.02801881518223
2008,5,-9.02094916894806,-9.21034037197618
2008,6,-9.1095586404831,-9.21034037197618
2008,7,-9.17673175670952,-9.56701531591492
2008,8,-9.22147525425456,-9.43348392329039
2008,9,-9.30337327404186,-9.56701531591492
2008,10,-9.31985409932102,-9.31570088763401
2008,11,-9.27351560796546,-9.31570088763401
2008,12,-9.2113169716127,-9.31570088763401
2008,13,-9.11059213583281,-9.21034037197618
2008,14,-8.83674589637359,-8.87386813535497
2008,15,-8.53785233590716,-8.67971212091401
2008,16,-8.29338506030594,-8.33487163462228
2008,17,-7.97204978241144,-8.2170885989659
2008,18,-7.76072082822381,-7.75172534927667
2008,19,-7.68739659256618,-7.75172534927667
2008,20,-7.66650949120365,-7.68428406848113
2008,21,-7.65970299869879,-7.5616817463888
2008,22,-7.65262275382908,-7.50559227973776
2008,23,-7.6529364466348,-7.50559227973776
2008,24,-7.66260115871896,-7.48757377423508
2008,25,-7.62524751734444,-7.46987419713568
2008,26,-7.58865668008348,-7.48757377423508
2008,27,-7.58270336787225,-7.43538802106451
2008,28,-7.5522538835843,-7.43538802106451
2008,29,-7.51174932042144,-7.38579107992514
2008,30,-7.46667390906663,-7.40205160079692
2008,31,-7.41121077618696,-7.3697907385787
2008,32,-7.36289042266289,-7.26443022292087
2008,33,-7.3128377618418,-7.23625934595417
2008,34,-7.2126752991309,-7.10620621770598
2008,35,-7.09783399555737,-7.08210866612691
2008,36,-7.03628665077337,-6.93821448646685
2008,37,-6.98237988317563,-6.90775527898214
2008,38,-6.93137185867019,-6.78553764625789
2008,39,-6.84115718956236,-6.66873837851164
2008,40,-6.71621015272266,-6.6076506865318
2008,41,-6.61016390915198,-6.48248754357779
2008,42,-6.50531544150354,-6.42532912973784
2008,43,-6.41195968994956,-6.3144284337044
2008,44,-6.3328571366036,-6.18020667170486
2008,45,-6.20560783946017,-6.14694944994838
2008,46,-6.07331321917933,-5.99146454710798
2008,47,-5.94560672060228,-5.90345366978527
2008,48,-5.8575490721749,-5.78934036301785
2008,49,-5.78744660156937,-5.67519501780429
2008,50,-5.71342606846298,-5.6021288209297
2008,51,-5.63123070466585,-5.48705949114491
2008,52,-5.55121088889383,-5.41935569492509
2008,53,-5.49376554195251,-5.36019277026612
2008,54,-5.42496773167897,-5.30836770240154
2008,55,-5.34913497395178,-5.19756746344789
2008,56,-5.26674028603609,-5.1361985170716
2008,57,-5.19344906683781,-5.11100826824304
2008,58,-5.10472771833791,-5.03903476861795
2008,59,-5.01472477729715,-5.0011801353255
2008,60,-4.90639464019484,-4.91988093082779
2008,61,-4.82355670813463,-4.82332619579126
2008,62,-4.75111619117343,-4.78310139448075
2008,63,-4.6828848719158,-4.71275539666803
2008,64,-4.64968263122001,-4.64183417035968
2008,65,-4.58201295619122,-4.58145365937078
2008,66,-4.5365686059464,-4.51899248974704
2008,67,-4.50461384807188,-4.47151380117542
2008,68,-4.41954777875243,-4.39328982695259
2008,69,-4.29794757593661,-4.29842105081908
2008,70,-4.17633330650567,-4.22879065877502
2008,71,-4.08718128635404,-4.12151023029487
2008,72,-3.97726825418791,-4.03645308380632
2008,73,-3.86814790858196,-3.94042247994984
2008,74,-3.71695817998534,-3.84063300934147
2008,75,-3.61371913718262,-3.72305690591552
2008,76,-3.52144112157619,-3.6340125526731
2008,77,-3.4107558103744,-3.5182931535384
2008,78,-3.31493286198804,-3.41458661878117
2008,79,-3.19626077452305,-3.2852827570658
2008,80,-3.08722701512835,-3.1622592244493
2008,81,-2.95866048516014,-3.0294959037068
2008,82,-2.82347287962428,-2.91139112512024
2008,83,-2.69593780425333,-2.79426189792128
2008,84,-2.56226910161508,-2.67046544077494
2008,85,-2.40891588388159,-2.55541495467862
2008,86,-2.27765701835496,-2.42746827514074
2008,87,-2.17230987826768,-2.29719962071771
2008,88,-2.07609481387416,-2.17824581873844
2008,89,-1.97871039832473,-2.04322533754685
2008,90,-1.87159654968477,-1.9269608268969
2008,91,-1.77625551041352,-1.81954185024051
2008,92,-1.71028614659865,-1.68572518060622
2008,93,-1.63726714920087,-1.60778927218858
2008,94,-1.53321734460195,-1.48174855129321
2008,95,-1.44008702331007,-1.38481545524049
2008,96,-1.36600596002823,-1.2818262435308
2008,97,-1.27254095533397,-1.18221131254442
2008,98,-1.22862600328508,-1.08624902968471
2008,99,-1.14405547239177,-0.994279300736131
2008,100,-1.04392653632833,-0.906538440431477
2009,0,-5.49336455687163,-5.5753892598878
2009,1,-8.04707148680635,-8.14562963498375
2009,2,-8.50994242227968,-8.46840302724681
2009,3,-8.72678811342151,-8.80487526386802
2009,4,-8.9332691143876,-9.21034037197618
2009,5,-9.05093540242903,-9.11503019217186
2009,6,-9.15253572101152,-9.21034037197618
2009,7,-9.22030794385111,-9.43348392329039
2009,8,-9.23963270344238,-9.31570088763401
2009,9,-9.29791367815637,-9.56701531591492
2009,10,-9.33120651368429,-9.31570088763401
2009,11,-9.30100454351537,-9.31570088763401
2009,12,-9.24207402644901,-9.31570088763401
2009,13,-9.14056466711874,-9.21034037197618
2009,14,-8.86714173802561,-8.67971212091401
2009,15,-8.55844265355573,-8.42188301161191
2009,16,-8.30492609850315,-8.33487163462228
2009,17,-8.00752607729668,-7.98656494035407
2009,18,-7.73729852924178,-7.84936381884058
2009,19,-7.70377902442347,-7.72873583105197
2009,20,-7.68545437930249,-7.68428406848113
2009,21,-7.64668460149322,-7.52394141840595
2009,22,-7.6297495630251,-7.64172445406234
2009,23,-7.66695452100657,-7.52394141840595
2009,24,-7.65882416323145,-7.50559227973776
2009,25,-7.63698884081816,-7.48757377423508
2009,26,-7.60552000067965,-7.41858090274813
2009,27,-7.58344197449241,-7.48757377423508
2009,28,-7.56000830560386,-7.35404238161056
2009,29,-7.50390641720622,-7.48757377423508
2009,30,-7.47232139994588,-7.38579107992514
2009,31,-7.4148197011331,-7.40205160079692
2009,32,-7.36788778811765,-7.25024558792891
2009,33,-7.31824779659627,-7.19543735143392
2009,34,-7.21369421767737,-7.09408485717363
2009,35,-7.10881251491754,-6.99113688792119
2009,36,-7.03806822766536,-6.96963068270022
2009,37,-6.99213176454316,-6.86853456582886
2009,38,-6.92597989915173,-6.81244509917781
2009,39,-6.834699374191,-6.67664355801875
2009,40,-6.71413026155236,-6.57845153183954
2009,41,-6.61015807843069,-6.4956456281553
2009,42,-6.50826228804653,-6.37712702791997
2009,43,-6.40486727344914,-6.30343931212881
2009,44,-6.33166854406742,-6.19480547112601
2009,45,-6.21283786098317,-6.11476276345248
2009,46,-6.06799866248608,-6.04909365994462
2009,47,-5.94868038533346,-5.89979735858216
2009,48,-5.85425671895311,-5.83960219779874
2009,49,-5.79142982238071,-5.73837391942582
2009,50,-5.71630198063721,-5.62128125314446
2009,51,-5.63315349433922,-5.51896403766366
2009,52,-5.5601963310575,-5.44218773696774
2009,53,-5.50237688412679,-5.36445716905258
2009,54,-5.43602772625875,-5.28441446137905
2009,55,-5.34986601885527,-5.19937741869313
2009,56,-5.27258751556174,-5.1361985170716
2009,57,-5.20365060614329,-5.05615580939807
2009,58,-5.10742632192172,-5.01464331549379
2009,59,-5.01465109155677,-4.9661400542097
2009,60,-4.90201620580565,-4.92675381011555
2009,61,-4.81529931351927,-4.8613535913805
2009,62,-4.74516572143883,-4.80362112471193
2009,63,-4.68132398782487,-4.72058103749942
2009,64,-4.64462265839534,-4.67237893568154
2009,65,-4.57590491121359,-4.58438764680556
2009,66,-4.53188332984901,-4.51899248974704
2009,67,-4.49887794888098,-4.48030120394222
2009,68,-4.41729311171129,-4.37883174377736
2009,69,-4.29051996584569,-4.33133352035836
2009,70,-4.1737739113928,-4.24122175808286
2009,71,-4.08177300081595,-4.17663980494893
2009,72,-3.97890683264011,-4.04727015483617
2009,73,-3.86544522349324,-3.97177300983392
2009,74,-3.72207667867502,-3.87955581529064
2009,75,-3.61619894294981,-3.76145014694877
2009,76,-3.52759107486312,-3.65004343032874
2009,77,-3.41484576982747,-3.5596071184098
2009,78,-3.32116123847641,-3.45112319043188
2009,79,-3.2017318860831,-3.31814382652687
2009,80,-3.08819987097658,-3.19077439475733
2009,81,-2.9573348706735,-3.05782046586741
2009,82,-2.82370231850728,-2.93388487022791
2009,83,-2.69729986074807,-2.81909349989553
2009,84,-2.56763132445493,-2.68971924441749
2009,85,-2.41422504715764,-2.5504056320207
2009,86,-2.28239418787188,-2.42962332616477
2009,87,-2.17390924511916,-2.29968928988202
2009,88,-2.07860202403143,-2.17304917164501
2009,89,-1.98011093758003,-2.05697579696417
2009,90,-1.8715764336963,-1.93912323236634
2009,91,-1.78304771765121,-1.84174835157313
2009,92,-1.71232689905224,-1.72109599397698
2009,93,-1.64350368869906,-1.56949630534115
2009,94,-1.53711868022109,-1.4943251053336
2009,95,-1.44427318966452,-1.38685451797845
2009,96,-1.36881957458961,-1.2833768271132
2009,97,-1.26802039711319,-1.18332086459508
2009,98,-1.22178394338031,-1.0870197426323
2009,99,-1.13256574454198,-0.994765918750599
2009,100,-1.01814017139685,-0.9068355731034
2010,0,-5.53227348848884,-5.62682143352007
2010,1,-8.07143807110226,-8.14562963498375
2010,2,-8.50935060406814,-8.67971212091401
2010,3,-8.76487555107112,-8.94797610750869
2010,4,-8.93834009269872,-9.31570088763401
2010,5,-9.04054564015172,-9.31570088763401
2010,6,-9.14972997792389,-9.21034037197618
2010,7,-9.21724215059368,-9.43348392329039
2010,8,-9.24843650952718,-9.43348392329039
2010,9,-9.31426068838178,-9.43348392329039
2010,10,-9.34024996241436,-9.31570088763401
2010,11,-9.31076575403697,-9.43348392329039
2010,12,-9.24482437768432,-9.21034037197618
2010,13,-9.11780386346774,-9.31570088763401
2010,14,-8.84400601899528,-9.02801881518223
2010,15,-8.55500107031077,-8.51719319141624
2010,16,-8.30896212378422,-8.2170885989659
2010,17,-7.98802391800998,-8.2170885989659
2010,18,-7.78599729657795,-7.92940652651412
2010,19,-7.72036086694908,-7.72873583105197
2010,20,-7.70403134888756,-7.70626297519991
2010,21,-7.66818174207134,-7.75172534927667
2010,22,-7.68589212070379,-7.60090245954208
2010,23,-7.68486328993111,-7.54263355141811
2010,24,-7.6769138302842,-7.5616817463888
2010,25,-7.64812799655004,-7.5810998322459
2010,26,-7.61691716582887,-7.54263355141811
2010,27,-7.6049758486147,-7.48757377423508
2010,28,-7.5642380566,-7.3697907385787
2010,29,-7.52216677862491,-7.41858090274813
2010,30,-7.46886771795424,-7.40205160079692
2010,31,-7.4066201035426,-7.40205160079692
2010,32,-7.35578962450061,-7.30823284557926
2010,33,-7.31264899223984,-7.20886037176606
2010,34,-7.20532669531354,-7.1821921246839
2010,35,-7.10151172301481,-7.11847631029779
2010,36,-7.05726718944467,-6.94857727350239
2010,37,-7.00136325403502,-6.89780494812897
2010,38,-6.94335807243834,-6.80339526365789
2010,39,-6.84753250022739,-6.71713491937349
2010,40,-6.73415084484629,-6.68461172766793
2010,41,-6.63567265886576,-6.48904494412395
2010,42,-6.52311371825952,-6.45667965962192
2010,43,-6.43283972156252,-6.37712702791997
2010,44,-6.36253973527309,-6.23992590640648
2010,45,-6.23977061860546,-6.17059121300542
2010,46,-6.10315135233939,-6.06188701140453
2010,47,-5.97625925975936,-5.94458096120913
2010,48,-5.88781723925154,-5.85344324921061
2010,49,-5.82337308280167,-5.7603528261446
2010,50,-5.7418837054722,-5.6578535427678
2010,51,-5.66057803230557,-5.54166362517977
2010,52,-5.58226310463592,-5.47267075369281
2010,53,-5.52175867546073,-5.35594647938467
2010,54,-5.4462449174067,-5.3063495382453
2010,55,-5.36532384408305,-5.22879130389943
2010,56,-5.28511028323615,-5.143024482142
2010,57,-5.21311587111711,-5.08967850143671
2010,58,-5.11912825158468,-5.02981811351303
2010,59,-5.03043798811769,-4.98204783724434
2010,60,-4.91840738374488,-4.90222942025247
2010,61,-4.83340924232853,-4.85235031513054
2010,62,-4.7644499575171,-4.80606312836748
2010,63,-4.70104472627615,-4.73984508931469
2010,64,-4.66301858408416,-4.67774087882293
2010,65,-4.59568410264587,-4.58536755869191
2010,66,-4.55680048000329,-4.53751153751428
2010,67,-4.53221721152722,-4.45502752755837
2010,68,-4.4485896540355,-4.40631932724293
2010,69,-4.32438873086963,-4.33057335308497
2010,70,-4.20708307294035,-4.27155918164791
2010,71,-4.12116418774735,-4.17338776956255
2010,72,-4.0104624047579,-4.07807758975823
2010,73,-3.90401675677845,-4.00908471827128
2010,74,-3.7601130975133,-3.90455099058945
2010,75,-3.65303365012898,-3.8000345034801
2010,76,-3.56527954540806,-3.66711796233242
2010,77,-3.45632522959102,-3.58776795274553
2010,78,-3.36015302099903,-3.45903838135201
2010,79,-3.23630762606418,-3.34983908938701
2010,80,-3.12350211883114,-3.19126065783523
2010,81,-2.99016037388955,-3.07239735848948
2010,82,-2.85223611931342,-2.96578519718604
2010,83,-2.72539431670457,-2.83992582241579
2010,84,-2.59628144815093,-2.70890056255705
2010,85,-2.43924729606328,-2.59120093460592
2010,86,-2.30827967506539,-2.45340798272863
2010,87,-2.20274157885566,-2.34382384101064
2010,88,-2.10197855185128,-2.2049140658206
2010,89,-2.00009398560562,-2.07776295130128
2010,90,-1.89148280773684,-1.94400197078601
2010,91,-1.80035883764292,-1.84541344256369
2010,92,-1.72920887795657,-1.7382945345591
2010,93,-1.65449518141411,-1.61797424345639
2010,94,-1.55486797891819,-1.49209942001687
2010,95,-1.46104875790519,-1.40751799757152
2010,96,-1.38311417091884,-1.3034248832976
2010,97,-1.28674400933885,-1.2027069392047
2010,98,-1.24277978769501,-1.10566711554181
2010,99,-1.14785389578004,-1.01263644766084
2010,100,-1.03275370818097,-0.923844187529069
2011,0,-5.55500517611418,-5.69284253461787
2011,1,-8.14859717215625,-8.14562963498375
2011,2,-8.59878453959443,-8.74033674273045
2011,3,-8.8306204321161,-9.11503019217186
2011,4,-9.00264974169668,-9.31570088763401
2011,5,-9.08678617538951,-9.21034037197618
2011,6,-9.18172081338643,-9.31570088763401
2011,7,-9.25340778250414,-9.43348392329039
2011,8,-9.27040316893767,-9.56701531591492
2011,9,-9.35258543638814,-9.56701531591492
2011,10,-9.38495410259065,-9.56701531591492
2011,11,-9.35355450226753,-9.56701531591492
2011,12,-9.30482075060359,-9.31570088763401
2011,13,-9.19334319014571,-9.31570088763401
2011,14,-8.91414872157775,-8.80487526386802
2011,15,-8.59038072099053,-8.74033674273045
2011,16,-8.36927131490102,-8.33487163462228
2011,17,-8.07898914671662,-8.2170885989659
2011,18,-7.83516237584977,-7.902007552326
2011,19,-7.74987568661328,-7.75172534927667
2011,20,-7.74599781964735,-7.66277786326017
2011,21,-7.71952066001033,-7.6211051668596
2011,22,-7.68433109084482,-7.64172445406234
2011,23,-7.70596204647669,-7.64172445406234
2011,24,-7.70324799148144,-7.60090245954208
2011,25,-7.67769864537064,-7.54263355141811
2011,26,-7.63335163687373,-7.52394141840595
2011,27,-7.60830927197962,-7.48757377423508
2011,28,-7.56920539384008,-7.40205160079692
2011,29,-7.52542032110807,-7.52394141840595
2011,30,-7.49413150448957,-7.38579107992514
2011,31,-7.42998176302314,-7.38579107992514
2011,32,-7.38590019811323,-7.35404238161056
2011,33,-7.34423298912395,-7.30823284557926
2011,34,-7.25744532645784,-7.22246602382184
2011,35,-7.14429478629211,-7.10620621770598
2011,36,-7.07430878434447,-7.05857816871672
2011,37,-7.03283588414238,-6.89780494812897
2011,38,-6.97255482625584,-6.84009663050832
2011,39,-6.88452609456188,-6.77672701657573
2011,40,-6.77314940558242,-6.69264389936519
2011,41,-6.66467109527518,-6.5929445391421
2011,42,-6.56583453858699,-6.43152109998577
2011,43,-6.46521072005355,-6.38302675004716
2011,44,-6.39171141698902,-6.2925696398919
2011,45,-6.2709485057513,-6.19480547112601
2011,46,-6.13054612174037,-6.09682506276581
2011,47,-6.00564000927575,-6.0116672544255
2011,48,-5.91519823357345,-5.90345366978527
2011,49,-5.85175344453271,-5.77958418807248
2011,50,-5.76743292403597,-5.70779049605374
2011,51,-5.68505107281764,-5.55968213068244
2011,52,-5.60301332526078,-5.48464694473953
2011,53,-5.53952947152617,-5.42161558289253
2011,54,-5.4701152253258,-5.30836770240154
2011,55,-5.38342371489807,-5.22320989406123
2011,56,-5.30259956820546,-5.17787121347217
2011,57,-5.23718683784331,-5.13449928131864
2011,58,-5.14146640082573,-5.05145728861651
2011,59,-5.04837682169891,-4.97913662703689
2011,60,-4.93210141578063,-4.92675381011555
2011,61,-4.85589228499379,-4.87829210710854
2011,62,-4.78625641785997,-4.81589121730374
2011,63,-4.72504324629025,-4.76299427118166
2011,64,-4.68939939105177,-4.68963934261454
2011,65,-4.62515752418887,-4.62028382379814
2011,66,-4.59151586575941,-4.5912672808191
2011,67,-4.56284424127863,-4.4927347566583
2011,68,-4.48421084234495,-4.43458388541256
2011,69,-4.35361420098951,-4.38362791604086
2011,70,-4.23973540373392,-4.27299287364976
2011,71,-4.15027289767328,-4.21583445980981
2011,72,-4.04939281893888,-4.10864634693296
2011,73,-3.9470524360559,-4.01294892401811
2011,74,-3.80178846951239,-3.94972487261216
2011,75,-3.69564077139117,-3.82722240373568
2011,76,-3.60548411796024,-3.75160628402224
2011,77,-3.49810438842918,-3.61748945802726
2011,78,-3.39564316384734,-3.50655789731998
2011,79,-3.27523774870909,-3.38051279046932
2011,80,-3.15663009071442,-3.25036649195957
2011,81,-3.02857345732355,-3.12470265485095
2011,82,-2.8926552624093,-3.00235414986288
2011,83,-2.76783642855409,-2.87635051653391
2011,84,-2.63385694847075,-2.76430314265301
2011,85,-2.47319958616979,-2.62983994056565
2011,86,-2.3419337237776,-2.4944722546577
2011,87,-2.23068181223388,-2.37612399632892
2011,88,-2.12972462221034,-2.26010048138789
2011,89,-2.02875402152782,-2.12485740521032
2011,90,-1.92113756471214,-2.00790258089752
2011,91,-1.82596619943061,-1.86484642433559
2011,92,-1.75305069733584,-1.76620868838405
2011,93,-1.68003986294787,-1.64958305273853
2011,94,-1.57601017433742,-1.54561839972115
2011,95,-1.48668614790756,-1.43944200533078
2011,96,-1.4046312817174,-1.33381576947476
2011,97,-1.30304641454635,-1.23154957209617
2011,98,-1.25583768803737,-1.13289322264498
2011,99,-1.16153276794041,-1.03820416087305
2011,100,-1.0413700565761,-0.947755599504733
2012,0,-5.60932652507825,-5.66072298519575
2012,1,-8.19278412735359,-8.2170885989659
2012,2,-8.67283353390914,-8.67971212091401
2012,3,-8.88357737521472,-8.87386813535497
2012,4,-9.03243977140605,-9.11503019217186
2012,5,-9.12567708643371,-9.43348392329039
2012,6,-9.23517191011489,-9.43348392329039
2012,7,-9.3109849891577,-9.56701531591492
2012,8,-9.33030450109981,-9.56701531591492
2012,9,-9.41051394399979,-9.56701531591492
2012,10,-9.42895564085078,-9.56701531591492
2012,11,-9.38998368278057,-9.43348392329039
2012,12,-9.32443179861049,-9.31570088763401
2012,13,-9.21133038227168,-9.31570088763401
2012,14,-8.95327985833935,-8.80487526386802
2012,15,-8.64667196206227,-8.80487526386802
2012,16,-8.41392880930694,-8.67971212091401
2012,17,-8.13591447872929,-8.29404964010203
2012,18,-7.86799356401909,-7.92940652651412
2012,19,-7.77125621276548,-7.72873583105197
2012,20,-7.74232985864808,-7.70626297519991
2012,21,-7.72095516321718,-7.70626297519991
2012,22,-7.71644918179964,-7.66277786326017
2012,23,-7.73374178925123,-7.72873583105197
2012,24,-7.73222113713724,-7.68428406848113
2012,25,-7.70256433940949,-7.60090245954208
2012,26,-7.65737552052546,-7.54263355141811
2012,27,-7.6307695019478,-7.5810998322459
2012,28,-7.60399308054026,-7.52394141840595
2012,29,-7.56764757087783,-7.54263355141811
2012,30,-7.51795583170495,-7.46987419713568
2012,31,-7.46586445918271,-7.46987419713568
2012,32,-7.43169584931613,-7.33853819507459
2012,33,-7.3838638187006,-7.3232707229438
2012,34,-7.28786551137127,-7.30823284557926
2012,35,-7.1840409183824,-7.27881896037297
2012,36,-7.12698468667663,-7.1821921246839
2012,37,-7.07143540488981,-7.00206595845338
2012,38,-7.01924520164161,-6.89780494812897
2012,39,-6.93028442914849,-6.79442659367513
2012,40,-6.81647982782138,-6.75075153017247
2012,41,-6.71179061174833,-6.58567177981302
2012,42,-6.5968894703975,-6.50897915902477
2012,43,-6.50509314525413,-6.45667965962192
2012,44,-6.43279708441304,-6.31996861408002
2012,45,-6.30973876396913,-6.21460809842219
2012,46,-6.17808574168289,-6.11476276345248
2012,47,-6.05290365389094,-6.01986402162968
2012,48,-5.95024520516127,-5.91080664409053
2012,49,-5.87812042175825,-5.82934569763155
2012,50,-5.7977266551813,-5.7138328105097
2012,51,-5.71047064893759,-5.62128125314446
2012,52,-5.63060434854113,-5.54166362517977
2012,53,-5.57559066747429,-5.42615073805792
2012,54,-5.49972695795529,-5.34961066093559
2012,55,-5.41437581647223,-5.25143378064919
2012,56,-5.33421479589051,-5.19576077822294
2012,57,-5.26629777073174,-5.11100826824304
2012,58,-5.16731092720214,-5.04678074073261
2012,59,-5.06789847745995,-4.98643060539944
2012,60,-4.95481550077724,-4.91305496575739
2012,61,-4.87806433156192,-4.85235031513054
2012,62,-4.81157399279926,-4.81096509896769
2012,63,-4.74749509459658,-4.74788648818969
2012,64,-4.71068954102389,-4.69400139969471
2012,65,-4.6541623015077,-4.61421093064024
2012,66,-4.62127528418197,-4.60617068632167
2012,67,-4.58798725899911,-4.47063929303049
2012,68,-4.50796352457241,-4.41042610919558
2012,69,-4.38365079732568,-4.3528562573741
2012,70,-4.26194957726342,-4.27586643884549
2012,71,-4.17852303388838,-4.19704196046044
2012,72,-4.07764280938594,-4.14143616975595
2012,73,-3.97860246898846,-4.00085421913476
2012,74,-3.83491717023584,-3.96121324961892
2012,75,-3.72091957203383,-3.84483175588782
2012,76,-3.63529236867366,-3.72057654085719
2012,77,-3.51873727034321,-3.62234293031369
2012,78,-3.42043043468476,-3.5098967985855
2012,79,-3.30069380327915,-3.35957570697134
2012,80,-3.18234284278954,-3.23373568777522
2012,81,-3.05407499151972,-3.11406546051586
2012,82,-2.91776468059832,-2.98459452914354
2012,83,-2.79068410995239,-2.84404176031356
2012,84,-2.65729469886421,-2.73660400852027
2012,85,-2.49133954319372,-2.59454296030862
2012,86,-2.35117454242354,-2.46946646530012
2012,87,-2.23907017942634,-2.3437196363526
2012,88,-2.1395814565612,-2.21649914408092
2012,89,-2.0404816428065,-2.08698995943717
2012,90,-1.93124278779021,-1.96204969363846
2012,91,-1.82838828105696,-1.84042464120934
2012,92,-1.75497833379629,-1.71646648519262
2012,93,-1.6785157124011,-1.60206515810469
2012,94,-1.5772824377242,-1.49651109357889
2012,95,-1.48606371840921,-1.38174472642132
2012,96,-1.40534146357125,-1.27514662378046
2012,97,-1.30935904495744,-1.17231265159807
2012,98,-1.25854547500722,-1.073558765604
2012,99,-1.15968851079449,-0.979177284929346
2012,100,-1.03287527871999,-0.889478416223
2013,0,-5.49077733828558,-5.62404750663735
2013,1,-8.14796249814318,-8.29404964010203
2013,2,-8.62480646566627,-8.62255370707406
2013,3,-8.85103845195037,-8.87386813535497
2013,4,-9.05316536178868,-9.11503019217186
2013,5,-9.15527091237147,-8.94797610750869
2013,6,-9.23633018290034,-9.43348392329039
2013,7,-9.31052086374254,-9.31570088763401
2013,8,-9.31649851921518,-9.56701531591492
2013,9,-9.39602897462024,-9.43348392329039
2013,10,-9.41502663074681,-9.56701531591492
2013,11,-9.38143934379344,-9.43348392329039
2013,12,-9.32552972343053,-9.72116599574217
2013,13,-9.22652174353624,-9.31570088763401
2013,14,-8.96865401271653,-8.87386813535497
2013,15,-8.69837530008226,-8.94797610750869
2013,16,-8.47329517279018,-8.62255370707406
2013,17,-8.1464864510471,-8.33487163462228
2013,18,-7.8807921430318,-8.14562963498375
2013,19,-7.81596195639013,-7.902007552326
2013,20,-7.79963302140074,-7.79935339826592
2013,21,-7.78295905347865,-7.84936381884058
2013,22,-7.76838429099115,-7.70626297519991
2013,23,-7.78568476991649,-7.75172534927667
2013,24,-7.76774786776169,-7.70626297519991
2013,25,-7.73250290674387,-7.64172445406234
2013,26,-7.68156441358988,-7.5810998322459
2013,27,-7.66316396909205,-7.70626297519991
2013,28,-7.63719320759959,-7.54263355141811
2013,29,-7.58503769714309,-7.5810998322459
2013,30,-7.54824045234825,-7.46987419713568
2013,31,-7.49520639796048,-7.46987419713568
2013,32,-7.44703822626225,-7.41858090274813
2013,33,-7.42039999294942,-7.35404238161056
2013,34,-7.33925617696176,-7.23625934595417
2013,35,-7.22594689540875,-7.23625934595417
2013,36,-7.15005102012354,-7.05857816871672
2013,37,-7.08487784130163,-6.99113688792119
2013,38,-7.02900422564272,-6.93821448646685
2013,39,-6.94175841405078,-6.89780494812897
2013,40,-6.83654013290414,-6.70890442023697
2013,41,-6.72116670312834,-6.64539101451465
2013,42,-6.61717272768582,-6.52931884326189
2013,43,-6.51721864037724,-6.45667965962192
2013,44,-6.43919724852759,-6.37126190846757
2013,45,-6.32494994968609,-6.27648350214028
2013,46,-6.19753374814556,-6.11476276345248
2013,47,-6.06992097841334,-6.0448653238351
2013,48,-5.97011812543838,-5.94458096120913
2013,49,-5.90011102356805,-5.85693365415038
2013,50,-5.81999631166812,-5.74773436218538
2013,51,-5.7314872378654,-5.6578535427678
2013,52,-5.65249112251461,-5.59403161069708
2013,53,-5.59294858469846,-5.50411227952763
2013,54,-5.52019521309773,-5.37088805938287
2013,55,-5.42461751487063,-5.30836770240154
2013,56,-5.34015471566376,-5.23252962601003
2013,57,-5.27245612390154,-5.12941883008622
2013,58,-5.17096208843568,-5.07357509387013
2013,59,-5.07299981196381,-4.99083266680008
2013,60,-4.9526274132849,-4.93506410724918
2013,61,-4.87718644358679,-4.85107072442492
2013,62,-4.80967609301741,-4.81219435542242
2013,63,-4.74886822946178,-4.75832136548227
2013,64,-4.71278138517284,-4.70609610457805
2013,65,-4.65978982216651,-4.62028382379814
2013,66,-4.62871550320769,-4.57464098095327
2013,67,-4.59432299364334,-4.52359019899567
2013,68,-4.51854788717297,-4.42869904287231
2013,69,-4.3944869013182,-4.34050088784538
2013,70,-4.27009174224916,-4.27658612221588
2013,71,-4.18607221451832,-4.21922774436879
2013,72,-4.09479270993382,-4.1037890210501
2013,73,-3.98874209332217,-4.03249715889602
2013,74,-3.86525528774702,-3.9460969857619
2013,75,-3.7372173126643,-3.84857883287161
2013,76,-3.64635776578114,-3.75373802646243
2013,77,-3.53640887467904,-3.65776845908888
2013,78,-3.43489747459632,-3.55609834288012
2013,79,-3.31328947319077,-3.41915770703915
2013,80,-3.19948647531202,-3.27095890473843
2013,81,-3.0722642181386,-3.13844857575559
2013,82,-2.93666263139072,-3.01471124015179
2013,83,-2.81304900762739,-2.89444002207212
2013,84,-2.68748646527087,-2.77162918274508
2013,85,-2.51751889874055,-2.6276229519896
2013,86,-2.3782853556974,-2.4885532907082
2013,87,-2.25731246560902,-2.37483325720167
2013,88,-2.15687100288411,-2.24857050468781
2013,89,-2.05632896021685,-2.10718279666156
2013,90,-1.94738105819323,-1.99282357539939
2013,91,-1.84851593097069,-1.84915555836936
2013,92,-1.77436460749723,-1.74279789117939
2013,93,-1.69904422440393,-1.63496086966519
2013,94,-1.59949806893402,-1.5224807035782
2013,95,-1.5082945094944,-1.41218669308584
2013,96,-1.4272967530752,-1.30511998633089
2013,97,-1.32581275738257,-1.20167544527725
2013,98,-1.27102438472488,-1.10216860487089
2013,99,-1.16689644846059,-1.0069268521336
2013,100,-0.990635492899441,-0.916240733124113
2014,0,-5.41912191428113,-5.6578535427678
2014,1,-8.11763225210574,-8.18072095479502
2014,2,-8.58691639793252,-8.74033674273045
2014,3,-8.83340926611197,-9.11503019217186
2014,4,-9.02709649841041,-9.31570088763401
2014,5,-9.15423887470208,-9.43348392329039
2014,6,-9.27134220660238,-9.43348392329039
2014,7,-9.34924705691013,-9.43348392329039
2014,8,-9.36164404499358,-9.43348392329039
2014,9,-9.44959872652708,-9.43348392329039
2014,10,-9.47242891576149,-9.72116599574217
2014,11,-9.4539292032336,-9.43348392329039
2014,12,-9.37595963191947,-9.43348392329039
2014,13,-9.26794551991141,-9.21034037197618
2014,14,-9.02139492759114,-9.11503019217186
2014,15,-8.75783961968326,-8.87386813535497
2014,16,-8.51732120007975,-8.67971212091401
2014,17,-8.22258931693833,-8.42188301161191
2014,18,-7.98490987553383,-8.14562963498375
2014,19,-7.88170100671381,-8.01641790350375
2014,20,-7.85851703846476,-7.84936381884058
2014,21,-7.83080886779412,-7.95757740348081
2014,22,-7.80782533058962,-7.82404601085629
2014,23,-7.8238716213642,-7.82404601085629
2014,24,-7.80434847148083,-7.77525584668686
2014,25,-7.77023933497146,-7.66277786326017
2014,26,-7.71735250629642,-7.64172445406234
2014,27,-7.7006257703466,-7.64172445406234
2014,28,-7.6510625985783,-7.5616817463888
2014,29,-7.61067115140859,-7.48757377423508
2014,30,-7.55004812171803,-7.43538802106451
2014,31,-7.48963630990643,-7.5616817463888
2014,32,-7.45992761875914,-7.33853819507459
2014,33,-7.41011868208822,-7.38579107992514
2014,34,-7.32324880625184,-7.30823284557926
2014,35,-7.21490613309874,-7.29341775979412
2014,36,-7.14647401837648,-7.1821921246839
2014,37,-7.10295890804047,-7.02428909523809
2014,38,-7.05165497442926,-6.95904857336969
2014,39,-6.97001379791505,-6.79442659367513
2014,40,-6.84736836542291,-6.81244509917781
2014,41,-6.75303334422727,-6.71713491937349
2014,42,-6.64245954557027,-6.63772814176908
2014,43,-6.54667507994446,-6.51571319120611
2014,44,-6.47695423004775,-6.37712702791997
2014,45,-6.35568091204459,-6.27648350214028
2014,46,-6.22465775342636,-6.17059121300542
2014,47,-6.10135643767244,-6.09239046569794
2014,48,-6.00168659802704,-5.97559119795169
2014,49,-5.92968251055484,-5.90712339867423
2014,50,-5.8522703015336,-5.82256601064617
2014,51,-5.77157025809957,-5.73837391942582
2014,52,-5.69534133930233,-5.5886696675557
2014,53,-5.63055554358178,-5.55968213068244
2014,54,-5.55415476085791,-5.41036687035666
2014,55,-5.46420271905315,-5.33913936106829
2014,56,-5.37545949623788,-5.26102158180434
2014,57,-5.29767523253494,-5.19215717071965
2014,58,-5.19897061413707,-5.11599580975408
2014,59,-5.09515017553713,-5.03441582276166
2014,60,-4.97615058374534,-4.97189546578033
2014,61,-4.90112804118424,-4.8848840887907
2014,62,-4.83385791633226,-4.8208417224636
2014,63,-4.7708894790004,-4.77004482917833
2014,64,-4.73265897002698,-4.71053070164592
2014,65,-4.67686348603344,-4.67024218273181
2014,66,-4.65077516262284,-4.59819457225167
2014,67,-4.62173919094508,-4.55162941906006
2014,68,-4.54255544480508,-4.44050356443286
2014,69,-4.42087776628004,-4.38042791331018
2014,70,-4.30479371734629,-4.31026426844699
2014,71,-4.22447421958185,-4.25170037299831
2014,72,-4.12860622887347,-4.1592031345706
2014,73,-4.03350089651062,-4.07043274217579
2014,74,-3.90651565815788,-4.00085421913476
2014,75,-3.77810903572121,-3.88733039283777
2014,76,-3.69071220844771,-3.79202021303345
2014,77,-3.57971407904839,-3.69570267946206
2014,78,-3.47884755674101,-3.59575347612445
2014,79,-3.35669846439919,-3.47505923026061
2014,80,-3.23795946940733,-3.34415564129496
2014,81,-3.10831964941656,-3.19613633789871
2014,82,-2.97326848275903,-3.06251330724434
2014,83,-2.85326465855004,-2.94010836980599
2014,84,-2.72017203117582,-2.80263564359208
2014,85,-2.5506094082395,-2.6759703076388
2014,86,-2.4071293508765,-2.56032008907787
2014,87,-2.29428681856323,-2.41251157237265
2014,88,-2.19031223026902,-2.29026134330521
2014,89,-2.08623851971278,-2.17912928906713
2014,90,-1.97910834505318,-2.04972741169644
2014,91,-1.87258398233624,-1.9240116803542
2014,92,-1.79746038608668,-1.80801080981411
2014,93,-1.72059282109749,-1.69614024627339
2014,94,-1.62307459049433,-1.5835265306496
2014,95,-1.53012647924295,-1.47442636577822
2014,96,-1.44832933093407,-1.36668783148097
2014,97,-1.34437077712343,-1.2623083813389
2014,98,-1.29192168984968,-1.16155208844198
2014,99,-1.18380262485829,-1.06476173829297
2014,100,-1.00873755023495,-0.972226364204458
2015,0,-5.43332083211809,-5.61302811138774
2015,1,-8.18353223033719,-8.25482892694875
2015,2,-8.7117148242632,-8.74033674273045
2015,3,-8.94435768861223,-8.80487526386802
2015,4,-9.11696015809622,-9.21034037197618
2015,5,-9.21660543582816,-9.43348392329039
2015,6,-9.30770229306806,-9.31570088763401
2015,7,-9.37499056604008,-9.43348392329039
2015,8,-9.4016089749005,-9.31570088763401
2015,9,-9.48476030823037,-9.56701531591492
2015,10,-9.49863567569841,-9.72116599574217
2015,11,-9.4701123701906,-9.43348392329039
2015,12,-9.40045157672325,-9.31570088763401
2015,13,-9.3127481992776,-9.11503019217186
2015,14,-9.06530813042363,-8.94797610750869
2015,15,-8.78316477456023,-8.56848648580379
2015,16,-8.54260962141255,-8.37743124904108
2015,17,-8.24149572227661,-8.42188301161191
2015,18,-8.01766861699104,-8.01641790350375
2015,19,-7.9172261338899,-7.92940652651412
2015,20,-7.88989098361418,-7.87533930524384
2015,21,-7.87648251115391,-7.72873583105197
2015,22,-7.81987990956497,-7.95757740348081
2015,23,-7.84631260995211,-7.79935339826592
2015,24,-7.81772983108707,-7.72873583105197
2015,25,-7.77478409068562,-7.72873583105197
2015,26,-7.72687217918834,-7.68428406848113
2015,27,-7.70241419833612,-7.66277786326017
2015,28,-7.66443462903048,-7.6211051668596
2015,29,-7.62459680884781,-7.48757377423508
2015,30,-7.57717846790824,-7.54263355141811
2015,31,-7.53284953464734,-7.33853819507459
2015,32,-7.46921522894348,-7.46987419713568
2015,33,-7.45986610464947,-7.38579107992514
2015,34,-7.36895233205826,-7.26443022292087
2015,35,-7.25505662571091,-7.23625934595417
2015,36,-7.17798498547636,-7.09408485717363
2015,37,-7.11648064226192,-7.04701734631564
2015,38,-7.06352967565262,-6.98032597181697
2015,39,-6.97956451939787,-6.89780494812897
2015,40,-6.87993119464458,-6.79442659367513
2015,41,-6.77371513131616,-6.66873837851164
2015,42,-6.6622124258727,-6.65311306060856
2015,43,-6.56053470446501,-6.4377516497364
2015,44,-6.47898142607433,-6.38302675004716
2015,45,-6.36801806235075,-6.2450673059069
2015,46,-6.23816884658144,-6.18020667170486
2015,47,-6.11792793066775,-6.04909365994462
2015,48,-6.0138631848455,-5.98747252583844
2015,49,-5.94068792411699,-5.92567680656998
2015,50,-5.86588749559526,-5.80581520022135
2015,51,-5.78149463771244,-5.71991185658608
2015,52,-5.69941799742244,-5.64929428937213
2015,53,-5.6461689989604,-5.55450077194045
2015,54,-5.56868691808269,-5.42388058952338
2015,55,-5.48145091280736,-5.33290881131766
2015,56,-5.38896774691633,-5.24952720237861
2015,57,-5.31508684136398,-5.16029606865066
2015,58,-5.21054302890325,-5.10110719726033
2015,59,-5.10458515720222,-5.02068562994976
2015,60,-4.98251248375139,-4.94344404455593
2015,61,-4.90102760700992,-4.89018914102039
2015,62,-4.8330788590831,-4.82706451790187
2015,63,-4.76967501263846,-4.75135269616617
2015,64,-4.73485831809983,-4.70168108636893
2015,65,-4.6746322147615,-4.63151416132769
2015,66,-4.6433951457945,-4.5824306990186
2015,67,-4.61209656271784,-4.53657739452248
2015,68,-4.5275488445216,-4.44645849483327
2015,69,-4.40980005177382,-4.3868381916711
2015,70,-4.2952808955519,-4.28453701339662
2015,71,-4.21416696201088,-4.2104290412429
2015,72,-4.11989542279334,-4.13516655674236
2015,73,-4.02246815144239,-4.05762697928694
2015,74,-3.89809857466303,-3.95597489295733
2015,75,-3.77250148528284,-3.87328317711222
2015,76,-3.67899493669934,-3.75673012102211
2015,77,-3.56508246702826,-3.67261248165006
2015,78,-3.46293872522098,-3.56207060725024
2015,79,-3.34220139627296,-3.44014613180073
2015,80,-3.22722540303749,-3.31071702853378
2015,81,-3.08931936946541,-3.17461973361366
2015,82,-2.95685092080593,-3.04681506378331
2015,83,-2.83563838807228,-2.89969508535705
2015,84,-2.7021504377942,-2.77035122729959
2015,85,-2.53446472404306,-2.64240291986636
2015,86,-2.3900301776039,-2.50311135444285
2015,87,-2.2720315384486,-2.38173653129948
2015,88,-2.16730857707605,-2.25065700013369
2015,89,-2.06483598258768,-2.11477860596952
2015,90,-1.9561527953109,-1.98565980207262
2015,91,-1.85283649545101,-1.86014538209452
2015,92,-1.77694499320677,-1.7601445298588
2015,93,-1.70134969160436,-1.62267513921612
2015,94,-1.60111813484611,-1.5099093697192
2015,95,-1.50548206107729,-1.40380681287119
2015,96,-1.42399277485284,-1.2949556937045
2015,97,-1.32080475086146,-1.1899055471145
2015,98,-1.26830085480753,-1.08897883969987
2015,99,-1.17036164612679,-0.992524037873744
2015,100,-1.00299953740757,-0.900860394218797
2016,0,-5.41662013398307,-5.62128125314446
2016,1,-8.16168247688869,-8.33487163462228
2016,2,-8.63949259493052,-8.62255370707406
2016,3,-8.85447799444287,-8.94797610750869
2016,4,-9.06946660085192,-9.21034037197618
2016,5,-9.16422923257061,-9.21034037197618
2016,6,-9.25534299890227,-9.31570088763401
2016,7,-9.33438775522338,-9.56701531591492
2016,8,-9.36907063470827,-9.72116599574217
2016,9,-9.45297004958041,-9.72116599574217
2016,10,-9.46884010680382,-9.43348392329039
2016,11,-9.421771609142,-9.56701531591492
2016,12,-9.36411073163784,-9.56701531591492
2016,13,-9.26359521875248,-9.43348392329039
2016,14,-9.00991802732819,-9.02801881518223
2016,15,-8.71847612867802,-8.80487526386802
2016,16,-8.51177385183875,-8.80487526386802
2016,17,-8.2625968111107,-8.42188301161191
2016,18,-7.99132891660857,-8.11172808330807
2016,19,-7.9150305757859,-7.92940652651412
2016,20,-7.88436389712968,-7.92940652651412
2016,21,-7.85466293168812,-7.902007552326
2016,22,-7.85581143801539,-7.82404601085629
2016,23,-7.83544006395149,-7.72873583105197
2016,24,-7.81156121949199,-7.82404601085629
2016,25,-7.78372521025694,-7.75172534927667
2016,26,-7.73102773425598,-7.6211051668596
2016,27,-7.69999007595731,-7.6211051668596
2016,28,-7.65849545631839,-7.6211051668596
2016,29,-7.60366247864278,-7.5810998322459
2016,30,-7.56396576191548,-7.60090245954208
2016,31,-7.50880101619813,-7.46987419713568
2016,32,-7.48474418897107,-7.43538802106451
2016,33,-7.44029834974819,-7.35404238161056
2016,34,-7.33908387914746,-7.29341775979412
2016,35,-7.23182644899558,-7.26443022292087
2016,36,-7.16766912759147,-7.20886037176606
2016,37,-7.12498416619998,-7.04701734631564
2016,38,-7.07409552571307,-7.01311579463996
2016,39,-6.99229342129109,-6.89780494812897
2016,40,-6.88004766330247,-6.86853456582886
2016,41,-6.77981894902085,-6.77672701657573
2016,42,-6.66916213546939,-6.63012354238386
2016,43,-6.56336610272634,-6.50229017087397
2016,44,-6.49000404026431,-6.4377516497364
2016,45,-6.38070972051169,-6.31996861408002
2016,46,-6.25854371907812,-6.2450673059069
2016,47,-6.13845593248246,-6.08797544748883
2016,48,-6.03251912426212,-6.02398773881354
2016,49,-5.96613461309097,-5.90345366978527
2016,50,-5.883090783685,-5.82934569763155
2016,51,-5.79429042891153,-5.77958418807248
2016,52,-5.71742350165749,-5.70779049605374
2016,53,-5.65936384836919,-5.58599943899982
2016,54,-5.58263186131589,-5.47983924317143
2016,55,-5.48981891347255,-5.39043265545584
2016,56,-5.40066439248812,-5.26681869948867
2016,57,-5.32352056063552,-5.17433138676705
2016,58,-5.22499079099252,-5.11266801966141
2016,59,-5.11488775019616,-5.03288090304358
2016,60,-4.99330839220897,-4.93924529800958
2016,61,-4.91773102007455,-4.87829210710854
2016,62,-4.84858041472059,-4.80484138111716
2016,63,-4.78471025634031,-4.74213604106125
2016,64,-4.74920823339735,-4.6972854748959
2016,65,-4.69172803536935,-4.62843881292745
2016,66,-4.66544613201173,-4.57755501895512
2016,67,-4.63529882485495,-4.53284952440847
2016,68,-4.55661375115379,-4.47501950152305
2016,69,-4.43952689104114,-4.37803461340434
2016,70,-4.31296751399506,-4.29768548624013
2016,71,-4.23343458053345,-4.22810455240162
2016,72,-4.14341844748575,-4.14269482316315
2016,73,-4.05189857141583,-4.06284589516273
2016,74,-3.92927121415971,-3.98782471884443
2016,75,-3.79738248496508,-3.88733039283777
2016,76,-3.70422840348392,-3.81489629469742
2016,77,-3.59696557991485,-3.68967977428471
2016,78,-3.48875103686223,-3.5691427725116
2016,79,-3.36856412800455,-3.46349840785953
2016,80,-3.25320855481271,-3.34983908938701
2016,81,-3.12631966912939,-3.21388828335716
2016,82,-2.99439056218979,-3.09732212931562
2016,83,-2.86979475342414,-2.94484906323942
2016,84,-2.73850731736317,-2.79328134546487
2016,85,-2.56811206742578,-2.66341149948383
2016,86,-2.41884822607323,-2.53514786622475
2016,87,-2.30271279390805,-2.40727916410871
2016,88,-2.19605082616853,-2.28278246569787
2016,89,-2.09186545729947,-2.14703539225308
2016,90,-1.98408836411208,-2.012306394695
2016,91,-1.87975227109752,-1.91094849282242
2016,92,-1.80417708548359,-1.77278071063027
2016,93,-1.72922403783194,-1.65862815662487
2016,94,-1.62676718629107,-1.5441652858179
2016,95,-1.53337943865398,-1.43028804680578
2016,96,-1.45318573870149,-1.32106857620218
2016,97,-1.34691647004125,-1.21567433430028
2016,98,-1.28931594050251,-1.11434540765711
2016,99,-1.18234785989494,-1.01741025327473
2016,100,-0.989433489704275,-0.925129680541359
2017,0,-5.37231998079807,-5.57803126935064
2017,1,-8.16147752703514,-8.2170885989659
2017,2,-8.65199103756452,-8.87386813535497
2017,3,-8.92161904170217,-9.02801881518223
2017,4,-9.11266816415024,-9.31570088763401
2017,5,-9.23138922967412,-9.31570088763401
2017,6,-9.3432510346654,-9.43348392329039
2017,7,-9.42187539598107,-9.56701531591492
2017,8,-9.42853524584534,-9.72116599574217
2017,9,-9.49042718625793,-10.1266311038503
2017,10,-9.53127896887397,-9.56701531591492
2017,11,-9.49768818348782,-9.43348392329039
2017,12,-9.43575834338681,-9.43348392329039
2017,13,-9.32433850706976,-9.31570088763401
2017,14,-9.07518420615476,-9.11503019217186
2017,15,-8.81434922126753,-8.87386813535497
2017,16,-8.58736944497722,-8.56848648580379
2017,17,-8.27073824725628,-8.46840302724681
2017,18,-8.02627097165507,-8.14562963498375
2017,19,-7.92607337884836,-8.11172808330807
2017,20,-7.92287420784129,-7.84936381884058
2017,21,-7.87602917257314,-7.77525584668686
2017,22,-7.82557200546214,-7.79935339826592
2017,23,-7.82734381589595,-7.79935339826592
2017,24,-7.82998017652993,-7.84936381884058
2017,25,-7.79276924205914,-7.72873583105197
2017,26,-7.73305055724159,-7.72873583105197
2017,27,-7.71997239514274,-7.72873583105197
2017,28,-7.69264657402109,-7.6211051668596
2017,29,-7.64585212026018,-7.5810998322459
2017,30,-7.59302870067924,-7.6211051668596
2017,31,-7.53137538253568,-7.48757377423508
2017,32,-7.49606453436722,-7.41858090274813
2017,33,-7.45736559982169,-7.40205160079692
2017,34,-7.37487547028678,-7.33853819507459
2017,35,-7.26526286603543,-7.20886037176606
2017,36,-7.1873558292072,-7.16912004311654
2017,37,-7.1364906573735,-7.08210866612691
2017,38,-7.09319594830248,-7.03558865049202
2017,39,-7.0152806026964,-6.95904857336969
2017,40,-6.90950563343403,-6.84948637085816
2017,41,-6.80269235847687,-6.77672701657573
2017,42,-6.68784719205048,-6.63012354238386
2017,43,-6.58775039783818,-6.51571319120611
2017,44,-6.51520915516659,-6.50229017087397
2017,45,-6.40849485670344,-6.3538701657557
2017,46,-6.2815402296375,-6.23992590640648
2017,47,-6.15785157177949,-6.1516332992608
2017,48,-6.0540579544975,-6.0448653238351
2017,49,-5.98442292552988,-5.9522438339547
2017,50,-5.91045519689323,-5.85344324921061
2017,51,-5.82342196975554,-5.75402369109295
2017,52,-5.73652826084586,-5.67228380759683
2017,53,-5.67667706377636,-5.56489047578958
2017,54,-5.60126691490661,-5.51151058700908
2017,55,-5.51320699340897,-5.417100902538
2017,56,-5.41872979827398,-5.30031936921871
2017,57,-5.34353575051226,-5.22135632541191
2017,58,-5.24187922013228,-5.13280292807046
2017,59,-5.13012193082022,-5.04522673886587
2017,60,-5.00535174704582,-4.9661400542097
2017,61,-4.93161433190037,-4.86783449546458
2017,62,-4.86043427111533,-4.79633069144925
2017,63,-4.79643758608292,-4.7548309605425
2017,64,-4.76520299517247,-4.7083109449076
2017,65,-4.70789268978624,-4.63048799397238
2017,66,-4.67725377994019,-4.566911473871
2017,67,-4.64462768739246,-4.51350299746227
2017,68,-4.5700948160942,-4.46540824361293
2017,69,-4.44698678875124,-4.37803461340434
2017,70,-4.32787098339562,-4.30063099646989
2017,71,-4.24892068475951,-4.24122175808286
2017,72,-4.161487852782,-4.1509149137105
2017,73,-4.07103980905431,-4.0751303432983
2017,74,-3.94929988757944,-3.99214904990743
2017,75,-3.8178398621681,-3.89960048542959
2017,76,-3.72551578386342,-3.78803702564715
2017,77,-3.61309962304493,-3.69892978996744
2017,78,-3.50207248580716,-3.57376664701343
2017,79,-3.38568793607462,-3.48284137070267
2017,80,-3.27433777687706,-3.3688270016317
2017,81,-3.14284305867401,-3.2296840235848
2017,82,-3.01300280763869,-3.09599469549239
2017,83,-2.88617733104947,-2.9751456399456
2017,84,-2.74716856231228,-2.81291084171839
2017,85,-2.5797805068833,-2.67844285634955
2017,86,-2.43279735216567,-2.53338286324511
2017,87,-2.31096209839761,-2.38640157908716
2017,88,-2.20376370429885,-2.27360898475753
2017,89,-2.09847953600156,-2.13613888535838
2017,90,-1.98885760259613,-2.00485368468926
2017,91,-1.8885240082152,-1.88124663572959
2017,92,-1.80800816091111,-1.75956337101174
2017,93,-1.73189742354614,-1.6394333099695
2017,94,-1.62947264097241,-1.52206826629719
2017,95,-1.53263893704939,-1.41280262100069
2017,96,-1.45074937180797,-1.3021738252546
2017,97,-1.34632436029364,-1.19550872591381
2017,98,-1.29028850481467,-1.09311741318615
2017,99,-1.18923627403401,-0.995360995857692
2017,100,-1.00989057537123,-0.902486450897758
2018,0,-5.33766629136166,-5.56750485636365
2018,1,-8.19831194267825,-8.29404964010203
2018,2,-8.72706682189946,-8.74033674273045
2018,3,-8.95271194608512,-9.02801881518223
2018,4,-9.14896119732102,-9.11503019217186
2018,5,-9.25255678873099,-9.43348392329039
2018,6,-9.3632372895877,-9.43348392329039
2018,7,-9.44173045967421,-9.72116599574217
2018,8,-9.45884362667792,-9.56701531591492
2018,9,-9.49327578514708,-9.56701531591492
2018,10,-9.5146275949969,-9.56701531591492
2018,11,-9.48378949313459,-9.56701531591492
2018,12,-9.42310305434994,-9.31570088763401
2018,13,-9.31984914320791,-9.31570088763401
2018,14,-9.08278863286898,-9.11503019217186
2018,15,-8.79549879085369,-8.80487526386802
2018,16,-8.56652315866376,-8.62255370707406
2018,17,-8.2885470193106,-8.51719319141624
2018,18,-8.04950348065891,-8.2170885989659
2018,19,-7.95548470320955,-7.98656494035407
2018,20,-7.88909392401302,-7.95757740348081
2018,21,-7.86337942272151,-7.75172534927667
2018,22,-7.83696042452942,-7.87533930524384
2018,23,-7.85979804793349,-7.82404601085629
2018,24,-7.84917753486089,-7.75172534927667
2018,25,-7.80380344480769,-7.68428406848113
2018,26,-7.75598380447492,-7.75172534927667
2018,27,-7.73099070917575,-7.79935339826592
2018,28,-7.69371534523464,-7.72873583105197
2018,29,-7.65400871628113,-7.48757377423508
2018,30,-7.59916684675555,-7.5810998322459
2018,31,-7.53226369292513,-7.5616817463888
2018,32,-7.50082954557833,-7.46987419713568
2018,33,-7.47239515857028,-7.38579107992514
2018,34,-7.37589336845703,-7.27881896037297
2018,35,-7.25625877467411,-7.23625934595417
2018,36,-7.19669766509958,-7.13089883029635
2018,37,-7.14457845088316,-7.03558865049202
2018,38,-7.09832304730607,-7.02428909523809
2018,39,-7.01921138345809,-6.88795265168596
2018,40,-6.90513813164727,-6.83079423784601
2018,41,-6.80112841325725,-6.74224084050456
2018,42,-6.68823457059658,-6.66873837851164
2018,43,-6.59237211907344,-6.54311216539423
2018,44,-6.51874242650393,-6.41917526416347
2018,45,-6.40515633145739,-6.32553965912947
2018,46,-6.28005893489226,-6.2606520369236
2018,47,-6.16395338517373,-6.17538738526891
2018,48,-6.06047491837779,-6.07484615604703
2018,49,-5.98656287312952,-5.93697636182391
2018,50,-5.90320236267316,-5.87101839403211
2018,51,-5.81951372837586,-5.76353247906197
2018,52,-5.74147899875125,-5.70178447199353
2018,53,-5.68456739626513,-5.59672340236279
2018,54,-5.6151894975514,-5.50903839786369
2018,55,-5.52688556036753,-5.42842605189506
2018,56,-5.42977549847608,-5.3043354388736
2018,57,-5.34611134409773,-5.23252962601003
2018,58,-5.24446062621804,-5.16378647359043
2018,59,-5.13108760759286,-5.07038529850203
2018,60,-5.0057997650934,-4.9982127740977
2018,61,-4.92579760433549,-4.91305496575739
2018,62,-4.85897207198233,-4.82208318755166
2018,63,-4.79487232895101,-4.75599307572268
2018,64,-4.75977838361476,-4.6972854748959
2018,65,-4.69867147694066,-4.65016755191883
2018,66,-4.67454344202977,-4.57367151892872
2018,67,-4.64289115282248,-4.52359019899567
2018,68,-4.56557090520868,-4.42869904287231
2018,69,-4.44465515618899,-4.3884472024768
2018,70,-4.32654085009998,-4.33133352035836
2018,71,-4.25122571465585,-4.2370608644237
2018,72,-4.15922494984703,-4.16498164182154
2018,73,-4.07195115079287,-4.07395387257437
2018,74,-3.94904945809978,-3.98030184618144
2018,75,-3.81491458929391,-3.90207267457498
2018,76,-3.72132422409178,-3.81762233000666
2018,77,-3.61165826874056,-3.69852583116574
2018,78,-3.50339533070119,-3.60600997629164
2018,79,-3.38996447860916,-3.47699909507844
2018,80,-3.27454972359616,-3.38139475436598
2018,81,-3.14390556186217,-3.24137709021471
2018,82,-3.01033233728513,-3.14098928621113
2018,83,-2.8927695445467,-2.98915395819387
2018,84,-2.75658109570039,-2.86347669443352
2018,85,-2.58892949166882,-2.70231666925445
2018,86,-2.43609229277003,-2.55066191085347
2018,87,-2.31531997949422,-2.41687423939617
2018,88,-2.21021131590795,-2.28818921271031
2018,89,-2.10497408491709,-2.15287281976572
2018,90,-1.99788093533773,-2.02510488302686
2018,91,-1.89141808673046,-1.9026686838163
2018,92,-1.81144770340361,-1.78916284338079
2018,93,-1.73628241749679,-1.66759682660763
2018,94,-1.63349992017154,-1.55286856094621
2018,95,-1.53857198750411,-1.43200327721354
2018,96,-1.45458656949285,-1.32084375605735
2018,97,-1.34975719745665,-1.21361918137774
2018,98,-1.29286859898815,-1.11060390152049
2018,99,-1.18768938367419,-1.01214105753099
2018,100,-0.979721840313688,-0.918568323618213
2019,0,-5.31603409670152,-5.58599943899982
2019,1,-8.19090459434383,-8.2170885989659
2019,2,-8.69661179842629,-8.56848648580379
2019,3,-8.92576526761574,-9.11503019217186
2019,4,-9.14620763918899,-9.11503019217186
2019,5,-9.25603977009714,-9.31570088763401
2019,6,-9.35597337699717,-9.43348392329039
2019,7,-9.41661958380487,-9.56701531591492
2019,8,-9.42488754660258,-9.90348755253613
2019,9,-9.50420984525737,-9.43348392329039
2019,10,-9.52533921308975,-9.72116599574217
2019,11,-9.4845008411327,-9.72116599574217
2019,12,-9.43255144667402,-9.56701531591492
2019,13,-9.33287584919133,-9.21034037197618
2019,14,-9.09219183710301,-9.11503019217186
2019,15,-8.82014437516361,-8.80487526386802
2019,16,-8.60076756790719,-8.56848648580379
2019,17,-8.31962243152967,-8.46840302724681
2019,18,-8.06047602352975,-8.01641790350375
2019,19,-7.93977061778082,-8.01641790350375
2019,20,-7.91268648005688,-7.95757740348081
2019,21,-7.86705088215356,-7.92940652651412
2019,22,-7.8643700622697,-7.87533930524384
2019,23,-7.86660191661377,-7.84936381884058
2019,24,-7.83934650145176,-7.84936381884058
2019,25,-7.81287109103113,-7.84936381884058
2019,26,-7.77791635416582,-7.5810998322459
2019,27,-7.74317006558683,-7.70626297519991
2019,28,-7.69646715415028,-7.5810998322459
2019,29,-7.63170591578794,-7.6211051668596
2019,30,-7.61484930052125,-7.50559227973776
2019,31,-7.54545584562532,-7.50559227973776
2019,32,-7.4995476615014,-7.41858090274813
2019,33,-7.45437968744602,-7.3697907385787
2019,34,-7.360636848882,-7.3232707229438
2019,35,-7.25304109112692,-7.19543735143392
2019,36,-7.18098911885608,-7.15621663828064
2019,37,-7.13425763688517,-7.04701734631564
2019,38,-7.08785602797159,-6.96963068270022
2019,39,-7.00652533736639,-6.91780561483564
2019,40,-6.90489090906432,-6.87819647674059
2019,41,-6.80371054818318,-6.77672701657573
2019,42,-6.69700550599008,-6.72543372218818
2019,43,-6.59502560745123,-6.5929445391421
2019,44,-6.52374372769555,-6.4956456281553
2019,45,-6.42345262469607,-6.40093767661368
2019,46,-6.30747462200588,-6.30343931212881
2019,47,-6.19145296179,-6.16581793425276
2019,48,-6.07874493692863,-6.08357983601579
2019,49,-6.00545736193116,-5.98349637745881
2019,50,-5.92586287791786,-5.87457079563648
2019,51,-5.8339671936394,-5.79589776356401
2019,52,-5.76020702045989,-5.67228380759683
2019,53,-5.6964484110664,-5.60756361691566
2019,54,-5.6235418008216,-5.55968213068244
2019,55,-5.53603494145989,-5.44449987672612
2019,56,-5.4438729982045,-5.37736057388849
2019,57,-5.36736816785344,-5.31038994778231
2019,58,-5.26552594722118,-5.19036022504294
2019,59,-5.15345166710167,-5.08967850143671
2019,60,-5.0242644204095,-5.01464331549379
2019,61,-4.9479762833491,-4.91988093082779
2019,62,-4.87367525610637,-4.86783449546458
2019,63,-4.81318830087407,-4.77477297037427
2019,64,-4.77601446436752,-4.72395372197806
2019,65,-4.718797377638,-4.64079736363124
2019,66,-4.69080517795623,-4.58438764680556
2019,67,-4.65623381101613,-4.51807547913716
2019,68,-4.57534640099746,-4.46627818712147
2019,69,-4.45742552908744,-4.38603465607142
2019,70,-4.34029406395688,-4.32149613493385
2019,71,-4.26330624034096,-4.23775314551746
2019,72,-4.17740849151265,-4.17338776956255
2019,73,-4.08934390088272,-4.1043948980756
2019,74,-3.98004790479773,-3.99377550730041
2019,75,-3.83887098234664,-3.90554403933044
2019,76,-3.74647314541757,-3.82492829857721
2019,77,-3.63203868042247,-3.71399215492901
2019,78,-3.52261644922142,-3.61191841297781
2019,79,-3.40597286969531,-3.51358251225695
2019,80,-3.29189276678697,-3.37290151250731
2019,81,-3.16129335583891,-3.26152239958967
2019,82,-3.03085618471092,-3.15355635874756
2019,83,-2.90994276797976,-3.01409993091218
2019,84,-2.7818628117037,-2.86663570021958
2019,85,-2.60677732955583,-2.74481792529442
2019,86,-2.45620828124117,-2.59093405443353
2019,87,-2.33533597109514,-2.4320106404345
2019,88,-2.22553211918527,-2.29789610350791
2019,89,-2.11494490986929,-2.17199552329044
2019,90,-2.01194725892822,-2.05588127727082
2019,91,-1.90101924395249,-1.91575928910482
2019,92,-1.82249400489885,-1.79896536947838
2019,93,-1.74669025501011,-1.67259072743937
2019,94,-1.64482784550537,-1.55036743885711
2019,95,-1.5523112076299,-1.44893601578007
2019,96,-1.46797448866056,-1.33758039032929
2019,97,-1.35896915403218,-1.23011146193563
2019,98,-1.29730811018291,-1.12682659514928
2019,99,-1.19012720824804,-1.0280326767199
2019,100,-0.976906476535923,-0.933996558993087
